lamda, n_clause, rule_type, partition_size, n_partitions, id_cv, training_time, accuracy
5,1,CNF,[8, 9],35,0,0.956630,0.687500
5,1,CNF,[8, 9],35,1,0.839513,0.812500
5,1,CNF,[8, 9],35,2,0.864769,0.593750
5,1,CNF,[8, 9],35,3,0.842497,0.687500
5,1,CNF,[8, 9],35,4,0.852792,0.750000
5,1,CNF,[8, 9],35,5,0.829110,0.906250
5,1,CNF,[8, 9],35,6,0.830112,0.677419
5,1,CNF,[8, 9],35,7,0.841794,0.774194
5,1,CNF,[8, 9],35,8,0.854492,0.612903
5,1,CNF,[8, 9],35,9,0.847881,0.580645
---> Chosen: (5, 1, 'CNF', [8, 9], 35, 5), (mean val acc cv) 0.708266, (test acc holdout) 0.885714, (mean training time) 0.855959
5,1,CNF,[16, 17],17,0,0.480548,0.625000
5,1,CNF,[16, 17],17,1,0.473636,0.718750
5,1,CNF,[16, 17],17,2,0.457678,0.718750
5,1,CNF,[16, 17],17,3,0.462603,0.687500
5,1,CNF,[16, 17],17,4,0.485953,0.562500
5,1,CNF,[16, 17],17,5,0.483937,0.906250
5,1,CNF,[16, 17],17,6,0.480583,0.774194
5,1,CNF,[16, 17],17,7,0.485303,0.774194
5,1,CNF,[16, 17],17,8,0.483624,0.677419
5,1,CNF,[16, 17],17,9,0.473769,0.806452
---> Chosen: (5, 1, 'CNF', [16, 17], 17, 5), (mean val acc cv) 0.725101, (test acc holdout) 0.885714, (mean training time) 0.476763
5,1,CNF,[35, 36],8,0,0.327743,0.656250
5,1,CNF,[35, 36],8,1,0.310983,0.781250
5,1,CNF,[35, 36],8,2,0.278891,0.750000
5,1,CNF,[35, 36],8,3,0.281422,0.812500
5,1,CNF,[35, 36],8,4,0.294011,0.718750
5,1,CNF,[35, 36],8,5,0.284780,0.656250
5,1,CNF,[35, 36],8,6,0.292003,0.645161
5,1,CNF,[35, 36],8,7,0.296491,0.741935
5,1,CNF,[35, 36],8,8,0.295520,0.774194
5,1,CNF,[35, 36],8,9,0.298570,0.709677
---> Chosen: (5, 1, 'CNF', [35, 36], 8, 3), (mean val acc cv) 0.724597, (test acc holdout) 0.742857, (mean training time) 0.296041
5,1,CNF,[71, 71],4,0,0.257987,0.718750
5,1,CNF,[71, 71],4,1,0.254344,0.843750
5,1,CNF,[71, 71],4,2,0.250905,0.750000
5,1,CNF,[71, 71],4,3,0.244379,0.781250
5,1,CNF,[71, 71],4,4,0.265583,0.718750
5,1,CNF,[71, 71],4,5,0.218238,0.812500
5,1,CNF,[71, 72],4,6,0.236587,0.677419
5,1,CNF,[71, 72],4,7,0.357996,0.709677
5,1,CNF,[71, 72],4,8,0.291487,0.709677
5,1,CNF,[71, 72],4,9,0.275776,0.774194
---> Chosen: (5, 1, 'CNF', [71, 71], 4, 1), (mean val acc cv) 0.749597, (test acc holdout) 0.857143, (mean training time) 0.265328
5,1,CNF,[142, 142],2,0,0.660467,0.750000
5,1,CNF,[142, 142],2,1,0.541262,0.718750
5,1,CNF,[142, 142],2,2,0.275058,0.750000
5,1,CNF,[142, 142],2,3,0.233591,0.812500
5,1,CNF,[142, 142],2,4,0.228103,0.843750
5,1,CNF,[142, 142],2,5,0.469277,0.812500
5,1,CNF,[142, 143],2,6,0.411630,0.870968
5,1,CNF,[142, 143],2,7,0.427227,0.806452
5,1,CNF,[142, 143],2,8,0.660641,0.806452
5,1,CNF,[142, 143],2,9,0.407321,0.806452
---> Chosen: (5, 1, 'CNF', [142, 143], 2, 6), (mean val acc cv) 0.797782, (test acc holdout) 0.885714, (mean training time) 0.431458
5,1,DNF,[8, 9],35,0,0.881505,0.875000
5,1,DNF,[8, 9],35,1,0.858976,0.875000
5,1,DNF,[8, 9],35,2,0.865080,0.937500
5,1,DNF,[8, 9],35,3,0.883922,0.906250
5,1,DNF,[8, 9],35,4,0.865683,0.875000
5,1,DNF,[8, 9],35,5,0.839364,0.625000
5,1,DNF,[8, 9],35,6,0.854907,0.935484
5,1,DNF,[8, 9],35,7,0.841730,0.645161
5,1,DNF,[8, 9],35,8,0.866575,0.806452
5,1,DNF,[8, 9],35,9,0.853257,0.903226
---> Chosen: (5, 1, 'DNF', [8, 9], 35, 2), (mean val acc cv) 0.838407, (test acc holdout) 0.885714, (mean training time) 0.861100
5,1,DNF,[16, 17],17,0,0.501299,0.875000
5,1,DNF,[16, 17],17,1,0.500978,0.906250
5,1,DNF,[16, 17],17,2,0.494281,0.937500
5,1,DNF,[16, 17],17,3,0.475700,0.906250
5,1,DNF,[16, 17],17,4,0.477683,0.812500
5,1,DNF,[16, 17],17,5,0.486629,0.968750
5,1,DNF,[16, 17],17,6,0.507607,0.903226
5,1,DNF,[16, 17],17,7,0.513018,0.935484
5,1,DNF,[16, 17],17,8,0.522447,0.870968
5,1,DNF,[16, 17],17,9,0.517486,0.774194
---> Chosen: (5, 1, 'DNF', [16, 17], 17, 5), (mean val acc cv) 0.889012, (test acc holdout) 0.857143, (mean training time) 0.499713
5,1,DNF,[35, 36],8,0,0.300106,0.875000
5,1,DNF,[35, 36],8,1,0.327494,0.906250
5,1,DNF,[35, 36],8,2,0.298249,0.937500
5,1,DNF,[35, 36],8,3,0.291699,0.875000
5,1,DNF,[35, 36],8,4,0.308282,0.937500
5,1,DNF,[35, 36],8,5,0.293596,1.000000
5,1,DNF,[35, 36],8,6,0.307371,0.903226
5,1,DNF,[35, 36],8,7,0.312886,0.903226
5,1,DNF,[35, 36],8,8,0.314735,0.935484
5,1,DNF,[35, 36],8,9,0.302208,0.935484
---> Chosen: (5, 1, 'DNF', [35, 36], 8, 5), (mean val acc cv) 0.920867, (test acc holdout) 0.885714, (mean training time) 0.305663
5,1,DNF,[71, 71],4,0,0.221820,0.875000
5,1,DNF,[71, 71],4,1,0.228713,0.937500
5,1,DNF,[71, 71],4,2,0.208658,0.937500
5,1,DNF,[71, 71],4,3,0.210395,0.843750
5,1,DNF,[71, 71],4,4,0.239564,0.937500
5,1,DNF,[71, 71],4,5,0.214354,0.937500
5,1,DNF,[71, 72],4,6,0.217443,0.967742
5,1,DNF,[71, 72],4,7,0.236330,0.903226
5,1,DNF,[71, 72],4,8,0.228606,0.903226
5,1,DNF,[71, 72],4,9,0.216144,0.935484
---> Chosen: (5, 1, 'DNF', [71, 72], 4, 6), (mean val acc cv) 0.917843, (test acc holdout) 0.885714, (mean training time) 0.222203
5,1,DNF,[142, 142],2,0,0.175676,0.875000
5,1,DNF,[142, 142],2,1,0.182746,0.937500
5,1,DNF,[142, 142],2,2,0.156942,0.937500
5,1,DNF,[142, 142],2,3,0.166824,0.875000
5,1,DNF,[142, 142],2,4,0.166123,0.937500
5,1,DNF,[142, 142],2,5,0.167632,0.937500
5,1,DNF,[142, 143],2,6,0.180690,0.935484
5,1,DNF,[142, 143],2,7,0.190370,0.903226
5,1,DNF,[142, 143],2,8,0.174968,0.870968
5,1,DNF,[142, 143],2,9,0.177065,0.935484
---> Chosen: (5, 1, 'DNF', [142, 142], 2, 1), (mean val acc cv) 0.914516, (test acc holdout) 0.885714, (mean training time) 0.173904
5,2,CNF,[8, 9],35,0,0.943517,0.656250
5,2,CNF,[8, 9],35,1,0.942565,0.718750
5,2,CNF,[8, 9],35,2,0.952280,0.875000
5,2,CNF,[8, 9],35,3,0.912105,0.875000
5,2,CNF,[8, 9],35,4,0.902056,0.687500
5,2,CNF,[8, 9],35,5,0.899421,0.906250
5,2,CNF,[8, 9],35,6,0.903908,0.774194
5,2,CNF,[8, 9],35,7,0.939592,0.903226
5,2,CNF,[8, 9],35,8,0.930432,0.806452
5,2,CNF,[8, 9],35,9,0.909577,0.677419
---> Chosen: (5, 2, 'CNF', [8, 9], 35, 5), (mean val acc cv) 0.788004, (test acc holdout) 0.914286, (mean training time) 0.923545
5,2,CNF,[16, 17],17,0,0.543314,0.468750
5,2,CNF,[16, 17],17,1,0.525447,0.750000
5,2,CNF,[16, 17],17,2,0.503936,0.843750
5,2,CNF,[16, 17],17,3,0.499511,0.625000
5,2,CNF,[16, 17],17,4,0.508126,0.750000
5,2,CNF,[16, 17],17,5,0.526987,0.875000
5,2,CNF,[16, 17],17,6,0.548250,0.709677
5,2,CNF,[16, 17],17,7,0.530303,0.838710
5,2,CNF,[16, 17],17,8,0.553496,0.645161
5,2,CNF,[16, 17],17,9,0.541587,0.806452
---> Chosen: (5, 2, 'CNF', [16, 17], 17, 5), (mean val acc cv) 0.731250, (test acc holdout) 0.628571, (mean training time) 0.528096
5,2,CNF,[35, 36],8,0,0.372183,0.812500
5,2,CNF,[35, 36],8,1,0.412293,0.843750
5,2,CNF,[35, 36],8,2,0.353384,0.843750
5,2,CNF,[35, 36],8,3,0.408626,0.718750
5,2,CNF,[35, 36],8,4,0.392870,0.750000
5,2,CNF,[35, 36],8,5,0.371600,0.843750
5,2,CNF,[35, 36],8,6,0.351694,0.774194
5,2,CNF,[35, 36],8,7,0.378232,0.838710
5,2,CNF,[35, 36],8,8,0.382343,0.806452
5,2,CNF,[35, 36],8,9,0.363408,0.741935
---> Chosen: (5, 2, 'CNF', [35, 36], 8, 1), (mean val acc cv) 0.797379, (test acc holdout) 0.828571, (mean training time) 0.378663
5,2,CNF,[71, 71],4,0,1.177130,0.781250
5,2,CNF,[71, 71],4,1,0.955516,0.843750
5,2,CNF,[71, 71],4,2,0.917851,0.718750
5,2,CNF,[71, 71],4,3,0.433520,0.843750
5,2,CNF,[71, 71],4,4,0.924349,0.843750
5,2,CNF,[71, 71],4,5,0.882789,0.875000
5,2,CNF,[71, 72],4,6,1.461985,0.870968
5,2,CNF,[71, 72],4,7,1.269311,0.903226
5,2,CNF,[71, 72],4,8,1.736801,0.838710
5,2,CNF,[71, 72],4,9,1.796899,0.838710
---> Chosen: (5, 2, 'CNF', [71, 72], 4, 7), (mean val acc cv) 0.835786, (test acc holdout) 0.771429, (mean training time) 1.155615
5,2,CNF,[142, 142],2,0,11.638821,0.875000
5,2,CNF,[142, 142],2,1,5.961717,0.906250
5,2,CNF,[142, 142],2,2,4.250015,0.843750
5,2,CNF,[142, 142],2,3,5.354025,0.843750
5,2,CNF,[142, 142],2,4,5.172336,0.906250
5,2,CNF,[142, 142],2,5,16.942911,0.968750
5,2,CNF,[142, 143],2,6,6.019199,0.838710
5,2,CNF,[142, 143],2,7,12.623567,0.967742
5,2,CNF,[142, 143],2,8,8.120491,0.806452
5,2,CNF,[142, 143],2,9,12.478725,0.838710
---> Chosen: (5, 2, 'CNF', [142, 142], 2, 5), (mean val acc cv) 0.879536, (test acc holdout) 0.857143, (mean training time) 8.856181
5,2,DNF,[8, 9],35,0,0.915065,0.812500
5,2,DNF,[8, 9],35,1,0.898610,0.937500
5,2,DNF,[8, 9],35,2,0.871346,0.937500
5,2,DNF,[8, 9],35,3,0.876822,0.906250
5,2,DNF,[8, 9],35,4,0.924301,0.875000
5,2,DNF,[8, 9],35,5,0.855233,0.937500
5,2,DNF,[8, 9],35,6,0.864130,0.774194
5,2,DNF,[8, 9],35,7,0.913923,0.935484
5,2,DNF,[8, 9],35,8,0.904171,0.903226
5,2,DNF,[8, 9],35,9,0.900314,0.935484
---> Chosen: (5, 2, 'DNF', [8, 9], 35, 1), (mean val acc cv) 0.895464, (test acc holdout) 0.885714, (mean training time) 0.892391
5,2,DNF,[16, 17],17,0,0.554027,0.875000
5,2,DNF,[16, 17],17,1,0.539445,0.687500
5,2,DNF,[16, 17],17,2,0.536463,0.843750
5,2,DNF,[16, 17],17,3,0.530593,0.875000
5,2,DNF,[16, 17],17,4,0.552926,0.875000
5,2,DNF,[16, 17],17,5,0.500692,0.968750
5,2,DNF,[16, 17],17,6,0.525305,0.935484
5,2,DNF,[16, 17],17,7,0.577170,0.935484
5,2,DNF,[16, 17],17,8,0.524230,0.774194
5,2,DNF,[16, 17],17,9,0.534617,0.774194
---> Chosen: (5, 2, 'DNF', [16, 17], 17, 5), (mean val acc cv) 0.854435, (test acc holdout) 0.857143, (mean training time) 0.537547
5,2,DNF,[35, 36],8,0,0.387364,0.937500
5,2,DNF,[35, 36],8,1,0.357107,0.843750
5,2,DNF,[35, 36],8,2,0.333270,0.843750
5,2,DNF,[35, 36],8,3,0.337865,0.843750
5,2,DNF,[35, 36],8,4,0.347087,0.937500
5,2,DNF,[35, 36],8,5,0.334422,0.906250
5,2,DNF,[35, 36],8,6,0.354584,0.870968
5,2,DNF,[35, 36],8,7,0.370041,0.967742
5,2,DNF,[35, 36],8,8,0.379789,0.870968
5,2,DNF,[35, 36],8,9,0.353996,0.806452
---> Chosen: (5, 2, 'DNF', [35, 36], 8, 7), (mean val acc cv) 0.882863, (test acc holdout) 0.857143, (mean training time) 0.355553
5,2,DNF,[71, 71],4,0,0.293819,0.875000
5,2,DNF,[71, 71],4,1,0.261927,0.875000
5,2,DNF,[71, 71],4,2,0.416958,0.781250
5,2,DNF,[71, 71],4,3,0.577815,0.906250
5,2,DNF,[71, 71],4,4,0.288801,0.906250
5,2,DNF,[71, 71],4,5,0.370399,0.906250
5,2,DNF,[71, 72],4,6,0.359301,0.903226
5,2,DNF,[71, 72],4,7,0.375177,1.000000
5,2,DNF,[71, 72],4,8,0.401445,0.838710
5,2,DNF,[71, 72],4,9,0.271335,0.935484
---> Chosen: (5, 2, 'DNF', [71, 72], 4, 7), (mean val acc cv) 0.892742, (test acc holdout) 0.857143, (mean training time) 0.361698
5,2,DNF,[142, 142],2,0,0.697042,0.937500
5,2,DNF,[142, 142],2,1,0.313279,0.843750
5,2,DNF,[142, 142],2,2,0.830941,0.875000
5,2,DNF,[142, 142],2,3,0.366764,0.906250
5,2,DNF,[142, 142],2,4,0.567834,0.875000
5,2,DNF,[142, 142],2,5,0.714980,0.937500
5,2,DNF,[142, 143],2,6,0.408207,0.903226
5,2,DNF,[142, 143],2,7,0.647297,0.870968
5,2,DNF,[142, 143],2,8,0.574111,0.806452
5,2,DNF,[142, 143],2,9,0.565515,0.935484
---> Chosen: (5, 2, 'DNF', [142, 142], 2, 0), (mean val acc cv) 0.889113, (test acc holdout) 0.857143, (mean training time) 0.568597
5,3,CNF,[8, 9],35,0,1.000877,0.812500
5,3,CNF,[8, 9],35,1,0.938880,0.562500
5,3,CNF,[8, 9],35,2,0.929436,0.843750
5,3,CNF,[8, 9],35,3,0.939603,0.843750
5,3,CNF,[8, 9],35,4,0.906086,0.781250
5,3,CNF,[8, 9],35,5,0.924068,0.750000
5,3,CNF,[8, 9],35,6,0.942626,0.580645
5,3,CNF,[8, 9],35,7,0.936982,0.709677
5,3,CNF,[8, 9],35,8,0.933579,0.838710
5,3,CNF,[8, 9],35,9,0.950287,0.806452
---> Chosen: (5, 3, 'CNF', [8, 9], 35, 2), (mean val acc cv) 0.752923, (test acc holdout) 0.885714, (mean training time) 0.940242
5,3,CNF,[16, 17],17,0,0.600422,0.781250
5,3,CNF,[16, 17],17,1,0.583467,0.531250
5,3,CNF,[16, 17],17,2,0.542832,0.656250
5,3,CNF,[16, 17],17,3,0.543789,0.812500
5,3,CNF,[16, 17],17,4,0.564776,0.781250
5,3,CNF,[16, 17],17,5,0.553250,0.531250
5,3,CNF,[16, 17],17,6,0.558625,0.709677
5,3,CNF,[16, 17],17,7,0.591198,0.838710
5,3,CNF,[16, 17],17,8,0.568455,0.774194
5,3,CNF,[16, 17],17,9,0.564949,0.774194
---> Chosen: (5, 3, 'CNF', [16, 17], 17, 7), (mean val acc cv) 0.719052, (test acc holdout) 0.857143, (mean training time) 0.567176
5,3,CNF,[35, 36],8,0,0.452227,0.875000
5,3,CNF,[35, 36],8,1,0.407792,0.812500
5,3,CNF,[35, 36],8,2,0.384344,0.812500
5,3,CNF,[35, 36],8,3,0.375451,0.781250
5,3,CNF,[35, 36],8,4,0.366100,0.875000
5,3,CNF,[35, 36],8,5,0.451105,0.718750
5,3,CNF,[35, 36],8,6,0.430283,0.870968
5,3,CNF,[35, 36],8,7,0.441374,0.741935
5,3,CNF,[35, 36],8,8,0.383509,0.774194
5,3,CNF,[35, 36],8,9,0.461718,0.838710
---> Chosen: (5, 3, 'CNF', [35, 36], 8, 0), (mean val acc cv) 0.810081, (test acc holdout) 0.885714, (mean training time) 0.415390
5,3,CNF,[71, 71],4,0,2.028142,0.781250
5,3,CNF,[71, 71],4,1,1.041700,0.843750
5,3,CNF,[71, 71],4,2,3.282128,0.843750
5,3,CNF,[71, 71],4,3,1.420670,0.750000
5,3,CNF,[71, 71],4,4,1.309121,0.843750
5,3,CNF,[71, 71],4,5,0.931152,0.812500
5,3,CNF,[71, 72],4,6,1.841882,0.870968
5,3,CNF,[71, 72],4,7,1.161415,0.870968
5,3,CNF,[71, 72],4,8,2.904636,0.774194
5,3,CNF,[71, 72],4,9,3.450896,0.774194
---> Chosen: (5, 3, 'CNF', [71, 72], 4, 6), (mean val acc cv) 0.816532, (test acc holdout) 0.914286, (mean training time) 1.937174
5,3,CNF,[142, 142],2,0,101.856733,0.875000
5,3,CNF,[142, 142],2,1,48.023199,0.812500
5,3,CNF,[142, 142],2,2,8.771427,0.812500
5,3,CNF,[142, 142],2,3,7.215386,0.843750
5,3,CNF,[142, 142],2,4,31.824189,0.843750
5,3,CNF,[142, 142],2,5,28.616683,0.875000
5,3,CNF,[142, 143],2,6,55.412540,0.935484
5,3,CNF,[142, 143],2,7,38.696182,0.935484
5,3,CNF,[142, 143],2,8,121.927313,0.838710
5,3,CNF,[142, 143],2,9,148.199886,0.838710
---> Chosen: (5, 3, 'CNF', [142, 143], 2, 6), (mean val acc cv) 0.861089, (test acc holdout) 0.857143, (mean training time) 59.054354
5,3,DNF,[8, 9],35,0,1.007326,0.843750
5,3,DNF,[8, 9],35,1,1.004730,0.906250
5,3,DNF,[8, 9],35,2,1.007475,0.968750
5,3,DNF,[8, 9],35,3,1.137123,0.875000
5,3,DNF,[8, 9],35,4,1.064996,0.843750
5,3,DNF,[8, 9],35,5,1.044677,0.968750
5,3,DNF,[8, 9],35,6,1.013976,0.935484
5,3,DNF,[8, 9],35,7,1.043745,0.838710
5,3,DNF,[8, 9],35,8,1.048856,0.903226
5,3,DNF,[8, 9],35,9,1.011547,0.838710
---> Chosen: (5, 3, 'DNF', [8, 9], 35, 2), (mean val acc cv) 0.892238, (test acc holdout) 0.885714, (mean training time) 1.038445
5,3,DNF,[16, 17],17,0,0.631519,0.906250
5,3,DNF,[16, 17],17,1,0.635956,0.843750
5,3,DNF,[16, 17],17,2,0.639805,0.875000
5,3,DNF,[16, 17],17,3,0.618437,0.718750
5,3,DNF,[16, 17],17,4,0.632349,0.843750
5,3,DNF,[16, 17],17,5,0.603539,0.906250
5,3,DNF,[16, 17],17,6,0.615607,0.903226
5,3,DNF,[16, 17],17,7,0.667809,0.935484
5,3,DNF,[16, 17],17,8,0.636873,0.806452
5,3,DNF,[16, 17],17,9,0.643088,0.774194
---> Chosen: (5, 3, 'DNF', [16, 17], 17, 7), (mean val acc cv) 0.851310, (test acc holdout) 0.885714, (mean training time) 0.632498
5,3,DNF,[35, 36],8,0,0.492359,0.875000
5,3,DNF,[35, 36],8,1,0.629308,0.937500
5,3,DNF,[35, 36],8,2,0.550583,0.875000
5,3,DNF,[35, 36],8,3,0.485763,0.906250
5,3,DNF,[35, 36],8,4,0.445503,0.906250
5,3,DNF,[35, 36],8,5,0.471781,0.968750
5,3,DNF,[35, 36],8,6,0.542423,0.935484
5,3,DNF,[35, 36],8,7,0.463979,0.967742
5,3,DNF,[35, 36],8,8,0.442074,0.870968
5,3,DNF,[35, 36],8,9,0.515512,0.741935
---> Chosen: (5, 3, 'DNF', [35, 36], 8, 5), (mean val acc cv) 0.898488, (test acc holdout) 0.942857, (mean training time) 0.503928
5,3,DNF,[71, 71],4,0,0.829343,0.937500
5,3,DNF,[71, 71],4,1,1.514693,0.906250
5,3,DNF,[71, 71],4,2,1.375884,0.906250
5,3,DNF,[71, 71],4,3,0.696930,0.812500
5,3,DNF,[71, 71],4,4,0.736588,0.906250
5,3,DNF,[71, 71],4,5,0.552834,0.937500
5,3,DNF,[71, 72],4,6,0.403352,0.903226
5,3,DNF,[71, 72],4,7,1.706338,0.935484
5,3,DNF,[71, 72],4,8,1.417505,0.870968
5,3,DNF,[71, 72],4,9,0.790680,0.838710
---> Chosen: (5, 3, 'DNF', [71, 71], 4, 0), (mean val acc cv) 0.895464, (test acc holdout) 0.857143, (mean training time) 1.002415
5,3,DNF,[142, 142],2,0,5.467052,0.906250
5,3,DNF,[142, 142],2,1,17.787021,0.906250
5,3,DNF,[142, 142],2,2,8.780115,0.937500
5,3,DNF,[142, 142],2,3,6.390417,0.843750
5,3,DNF,[142, 142],2,4,6.331886,0.875000
5,3,DNF,[142, 142],2,5,3.233734,0.906250
5,3,DNF,[142, 143],2,6,6.126100,0.870968
5,3,DNF,[142, 143],2,7,3.324001,0.967742
5,3,DNF,[142, 143],2,8,1.493936,0.903226
5,3,DNF,[142, 143],2,9,2.807474,0.838710
---> Chosen: (5, 3, 'DNF', [142, 143], 2, 7), (mean val acc cv) 0.895565, (test acc holdout) 0.828571, (mean training time) 6.174174
10,1,CNF,[8, 9],35,0,0.906616,0.687500
10,1,CNF,[8, 9],35,1,0.859207,0.812500
10,1,CNF,[8, 9],35,2,0.881441,0.656250
10,1,CNF,[8, 9],35,3,0.893413,0.656250
10,1,CNF,[8, 9],35,4,0.936313,0.687500
10,1,CNF,[8, 9],35,5,0.913646,0.906250
10,1,CNF,[8, 9],35,6,0.914006,0.806452
10,1,CNF,[8, 9],35,7,0.947795,0.741935
10,1,CNF,[8, 9],35,8,0.939014,0.741935
10,1,CNF,[8, 9],35,9,0.962685,0.774194
---> Chosen: (10, 1, 'CNF', [8, 9], 35, 5), (mean val acc cv) 0.747077, (test acc holdout) 0.885714, (mean training time) 0.915413
10,1,CNF,[16, 17],17,0,0.544616,0.781250
10,1,CNF,[16, 17],17,1,0.513045,0.718750
10,1,CNF,[16, 17],17,2,0.498957,0.531250
10,1,CNF,[16, 17],17,3,0.491921,0.812500
10,1,CNF,[16, 17],17,4,0.493636,0.718750
10,1,CNF,[16, 17],17,5,0.500138,0.687500
10,1,CNF,[16, 17],17,6,0.507519,0.774194
10,1,CNF,[16, 17],17,7,0.555444,0.774194
10,1,CNF,[16, 17],17,8,0.536228,0.677419
10,1,CNF,[16, 17],17,9,0.514395,0.645161
---> Chosen: (10, 1, 'CNF', [16, 17], 17, 3), (mean val acc cv) 0.712097, (test acc holdout) 0.742857, (mean training time) 0.515590
10,1,CNF,[35, 36],8,0,0.311695,0.812500
10,1,CNF,[35, 36],8,1,0.306765,0.843750
10,1,CNF,[35, 36],8,2,0.298116,0.718750
10,1,CNF,[35, 36],8,3,0.305919,0.687500
10,1,CNF,[35, 36],8,4,0.306602,0.687500
10,1,CNF,[35, 36],8,5,0.298164,0.906250
10,1,CNF,[35, 36],8,6,0.301915,0.806452
10,1,CNF,[35, 36],8,7,0.316607,0.709677
10,1,CNF,[35, 36],8,8,0.329877,0.741935
10,1,CNF,[35, 36],8,9,0.309286,0.741935
---> Chosen: (10, 1, 'CNF', [35, 36], 8, 5), (mean val acc cv) 0.765625, (test acc holdout) 0.885714, (mean training time) 0.308495
10,1,CNF,[71, 71],4,0,0.247333,0.781250
10,1,CNF,[71, 71],4,1,0.261916,0.781250
10,1,CNF,[71, 71],4,2,0.219877,0.843750
10,1,CNF,[71, 71],4,3,0.240809,0.812500
10,1,CNF,[71, 71],4,4,0.238219,0.750000
10,1,CNF,[71, 71],4,5,0.298964,0.812500
10,1,CNF,[71, 72],4,6,0.235848,0.838710
10,1,CNF,[71, 72],4,7,0.281727,0.806452
10,1,CNF,[71, 72],4,8,0.243543,0.709677
10,1,CNF,[71, 72],4,9,0.296041,0.774194
---> Chosen: (10, 1, 'CNF', [71, 71], 4, 2), (mean val acc cv) 0.791028, (test acc holdout) 0.885714, (mean training time) 0.256428
10,1,CNF,[142, 142],2,0,0.524782,0.843750
10,1,CNF,[142, 142],2,1,0.450595,0.812500
10,1,CNF,[142, 142],2,2,0.185768,0.750000
10,1,CNF,[142, 142],2,3,0.255671,0.812500
10,1,CNF,[142, 142],2,4,0.354625,0.718750
10,1,CNF,[142, 142],2,5,0.398186,0.906250
10,1,CNF,[142, 143],2,6,0.336061,0.806452
10,1,CNF,[142, 143],2,7,0.686355,0.741935
10,1,CNF,[142, 143],2,8,0.530889,0.774194
10,1,CNF,[142, 143],2,9,0.468949,0.774194
---> Chosen: (10, 1, 'CNF', [142, 142], 2, 5), (mean val acc cv) 0.794052, (test acc holdout) 0.885714, (mean training time) 0.419188
10,1,DNF,[8, 9],35,0,0.903183,0.875000
10,1,DNF,[8, 9],35,1,0.946388,0.875000
10,1,DNF,[8, 9],35,2,0.907168,0.937500
10,1,DNF,[8, 9],35,3,0.910481,0.906250
10,1,DNF,[8, 9],35,4,0.919086,0.906250
10,1,DNF,[8, 9],35,5,0.911649,1.000000
10,1,DNF,[8, 9],35,6,0.900196,0.935484
10,1,DNF,[8, 9],35,7,0.938970,0.935484
10,1,DNF,[8, 9],35,8,0.891385,0.935484
10,1,DNF,[8, 9],35,9,0.898987,0.935484
---> Chosen: (10, 1, 'DNF', [8, 9], 35, 5), (mean val acc cv) 0.924194, (test acc holdout) 0.885714, (mean training time) 0.912749
10,1,DNF,[16, 17],17,0,0.536829,0.906250
10,1,DNF,[16, 17],17,1,0.526949,0.937500
10,1,DNF,[16, 17],17,2,0.542734,0.937500
10,1,DNF,[16, 17],17,3,0.491603,0.906250
10,1,DNF,[16, 17],17,4,0.505932,0.968750
10,1,DNF,[16, 17],17,5,0.513741,0.937500
10,1,DNF,[16, 17],17,6,0.506280,0.967742
10,1,DNF,[16, 17],17,7,0.523382,0.870968
10,1,DNF,[16, 17],17,8,0.513058,0.870968
10,1,DNF,[16, 17],17,9,0.517724,0.838710
---> Chosen: (10, 1, 'DNF', [16, 17], 17, 4), (mean val acc cv) 0.914214, (test acc holdout) 0.885714, (mean training time) 0.517823
10,1,DNF,[35, 36],8,0,0.370636,0.906250
10,1,DNF,[35, 36],8,1,0.339964,0.937500
10,1,DNF,[35, 36],8,2,0.306402,0.937500
10,1,DNF,[35, 36],8,3,0.323562,0.875000
10,1,DNF,[35, 36],8,4,0.310951,0.937500
10,1,DNF,[35, 36],8,5,0.302996,0.968750
10,1,DNF,[35, 36],8,6,0.308817,0.967742
10,1,DNF,[35, 36],8,7,0.321879,0.935484
10,1,DNF,[35, 36],8,8,0.306941,0.870968
10,1,DNF,[35, 36],8,9,0.321300,0.838710
---> Chosen: (10, 1, 'DNF', [35, 36], 8, 5), (mean val acc cv) 0.917540, (test acc holdout) 0.828571, (mean training time) 0.321345
10,1,DNF,[71, 71],4,0,0.228034,0.906250
10,1,DNF,[71, 71],4,1,0.229190,0.906250
10,1,DNF,[71, 71],4,2,0.210934,0.937500
10,1,DNF,[71, 71],4,3,0.268784,0.906250
10,1,DNF,[71, 71],4,4,0.221878,0.906250
10,1,DNF,[71, 71],4,5,0.211820,1.000000
10,1,DNF,[71, 72],4,6,0.220222,0.935484
10,1,DNF,[71, 72],4,7,0.229493,0.935484
10,1,DNF,[71, 72],4,8,0.227388,0.838710
10,1,DNF,[71, 72],4,9,0.228263,0.838710
---> Chosen: (10, 1, 'DNF', [71, 71], 4, 5), (mean val acc cv) 0.911089, (test acc holdout) 0.885714, (mean training time) 0.227601
10,1,DNF,[142, 142],2,0,0.182166,0.875000
10,1,DNF,[142, 142],2,1,0.181022,0.937500
10,1,DNF,[142, 142],2,2,0.164815,0.937500
10,1,DNF,[142, 142],2,3,0.166079,0.906250
10,1,DNF,[142, 142],2,4,0.174172,0.937500
10,1,DNF,[142, 142],2,5,0.168185,1.000000
10,1,DNF,[142, 143],2,6,0.176753,0.935484
10,1,DNF,[142, 143],2,7,0.182807,0.967742
10,1,DNF,[142, 143],2,8,0.183541,0.870968
10,1,DNF,[142, 143],2,9,0.186821,0.967742
---> Chosen: (10, 1, 'DNF', [142, 142], 2, 5), (mean val acc cv) 0.933569, (test acc holdout) 0.885714, (mean training time) 0.176636
10,2,CNF,[8, 9],35,0,1.012238,0.593750
10,2,CNF,[8, 9],35,1,1.003226,0.781250
10,2,CNF,[8, 9],35,2,0.979115,0.656250
10,2,CNF,[8, 9],35,3,0.986221,0.875000
10,2,CNF,[8, 9],35,4,0.993150,0.718750
10,2,CNF,[8, 9],35,5,0.954287,0.718750
10,2,CNF,[8, 9],35,6,0.998804,0.903226
10,2,CNF,[8, 9],35,7,1.001767,0.903226
10,2,CNF,[8, 9],35,8,1.011327,0.677419
10,2,CNF,[8, 9],35,9,0.951360,0.870968
---> Chosen: (10, 2, 'CNF', [8, 9], 35, 6), (mean val acc cv) 0.769859, (test acc holdout) 0.800000, (mean training time) 0.989150
10,2,CNF,[16, 17],17,0,0.560354,0.843750
10,2,CNF,[16, 17],17,1,0.557871,0.781250
10,2,CNF,[16, 17],17,2,0.532824,0.781250
10,2,CNF,[16, 17],17,3,0.534385,0.781250
10,2,CNF,[16, 17],17,4,0.553625,0.750000
10,2,CNF,[16, 17],17,5,0.636027,0.750000
10,2,CNF,[16, 17],17,6,0.560858,0.774194
10,2,CNF,[16, 17],17,7,0.558167,0.741935
10,2,CNF,[16, 17],17,8,0.545290,0.709677
10,2,CNF,[16, 17],17,9,0.542889,0.774194
---> Chosen: (10, 2, 'CNF', [16, 17], 17, 0), (mean val acc cv) 0.768750, (test acc holdout) 0.828571, (mean training time) 0.558229
10,2,CNF,[35, 36],8,0,0.418145,0.875000
10,2,CNF,[35, 36],8,1,0.393505,0.812500
10,2,CNF,[35, 36],8,2,0.384756,0.906250
10,2,CNF,[35, 36],8,3,0.367701,0.750000
10,2,CNF,[35, 36],8,4,0.453366,0.875000
10,2,CNF,[35, 36],8,5,0.401669,0.906250
10,2,CNF,[35, 36],8,6,0.390230,0.838710
10,2,CNF,[35, 36],8,7,0.398127,0.838710
10,2,CNF,[35, 36],8,8,0.403142,0.870968
10,2,CNF,[35, 36],8,9,0.418343,0.677419
---> Chosen: (10, 2, 'CNF', [35, 36], 8, 2), (mean val acc cv) 0.835081, (test acc holdout) 0.914286, (mean training time) 0.402899
10,2,CNF,[71, 71],4,0,1.279748,0.875000
10,2,CNF,[71, 71],4,1,0.924480,0.781250
10,2,CNF,[71, 71],4,2,0.499701,0.812500
10,2,CNF,[71, 71],4,3,0.793002,0.875000
10,2,CNF,[71, 71],4,4,0.690232,0.906250
10,2,CNF,[71, 71],4,5,1.178869,0.843750
10,2,CNF,[71, 72],4,6,1.518225,0.870968
10,2,CNF,[71, 72],4,7,1.043952,0.741935
10,2,CNF,[71, 72],4,8,0.869938,0.806452
10,2,CNF,[71, 72],4,9,0.798393,0.645161
---> Chosen: (10, 2, 'CNF', [71, 71], 4, 4), (mean val acc cv) 0.815827, (test acc holdout) 0.857143, (mean training time) 0.959654
10,2,CNF,[142, 142],2,0,7.888910,0.843750
10,2,CNF,[142, 142],2,1,13.042226,0.843750
10,2,CNF,[142, 142],2,2,4.839892,0.843750
10,2,CNF,[142, 142],2,3,5.950234,0.843750
10,2,CNF,[142, 142],2,4,3.704532,0.906250
10,2,CNF,[142, 142],2,5,18.893836,0.968750
10,2,CNF,[142, 143],2,6,8.408422,0.838710
10,2,CNF,[142, 143],2,7,13.195891,0.967742
10,2,CNF,[142, 143],2,8,10.539915,0.838710
10,2,CNF,[142, 143],2,9,18.078892,0.838710
---> Chosen: (10, 2, 'CNF', [142, 142], 2, 5), (mean val acc cv) 0.873387, (test acc holdout) 0.857143, (mean training time) 10.454275
10,2,DNF,[8, 9],35,0,1.041337,0.843750
10,2,DNF,[8, 9],35,1,1.049555,0.906250
10,2,DNF,[8, 9],35,2,1.029245,0.875000
10,2,DNF,[8, 9],35,3,0.996825,0.906250
10,2,DNF,[8, 9],35,4,1.013137,0.843750
10,2,DNF,[8, 9],35,5,0.999750,0.968750
10,2,DNF,[8, 9],35,6,0.998756,0.903226
10,2,DNF,[8, 9],35,7,1.087974,0.903226
10,2,DNF,[8, 9],35,8,1.025530,0.870968
10,2,DNF,[8, 9],35,9,1.042062,0.935484
---> Chosen: (10, 2, 'DNF', [8, 9], 35, 5), (mean val acc cv) 0.895665, (test acc holdout) 0.857143, (mean training time) 1.028417
10,2,DNF,[16, 17],17,0,0.598351,0.875000
10,2,DNF,[16, 17],17,1,0.609104,0.906250
10,2,DNF,[16, 17],17,2,0.564349,0.781250
10,2,DNF,[16, 17],17,3,0.576597,0.687500
10,2,DNF,[16, 17],17,4,0.642940,0.812500
10,2,DNF,[16, 17],17,5,0.581423,0.968750
10,2,DNF,[16, 17],17,6,0.598301,0.935484
10,2,DNF,[16, 17],17,7,0.611938,0.935484
10,2,DNF,[16, 17],17,8,0.610092,0.870968
10,2,DNF,[16, 17],17,9,0.600477,0.870968
---> Chosen: (10, 2, 'DNF', [16, 17], 17, 5), (mean val acc cv) 0.864415, (test acc holdout) 0.885714, (mean training time) 0.599357
10,2,DNF,[35, 36],8,0,0.421112,0.781250
10,2,DNF,[35, 36],8,1,0.418880,0.937500
10,2,DNF,[35, 36],8,2,0.356257,0.843750
10,2,DNF,[35, 36],8,3,0.394255,0.843750
10,2,DNF,[35, 36],8,4,0.389771,0.843750
10,2,DNF,[35, 36],8,5,0.414017,0.937500
10,2,DNF,[35, 36],8,6,0.390859,0.903226
10,2,DNF,[35, 36],8,7,0.389803,0.903226
10,2,DNF,[35, 36],8,8,0.373074,0.838710
10,2,DNF,[35, 36],8,9,0.405465,0.870968
---> Chosen: (10, 2, 'DNF', [35, 36], 8, 1), (mean val acc cv) 0.870363, (test acc holdout) 0.828571, (mean training time) 0.395349
10,2,DNF,[71, 71],4,0,0.309295,0.812500
10,2,DNF,[71, 71],4,1,0.324637,0.968750
10,2,DNF,[71, 71],4,2,0.315246,0.937500
10,2,DNF,[71, 71],4,3,0.360964,0.875000
10,2,DNF,[71, 71],4,4,0.302148,0.906250
10,2,DNF,[71, 71],4,5,0.315843,0.843750
10,2,DNF,[71, 72],4,6,0.360664,0.935484
10,2,DNF,[71, 72],4,7,0.357653,0.967742
10,2,DNF,[71, 72],4,8,0.430954,0.870968
10,2,DNF,[71, 72],4,9,0.317686,0.935484
---> Chosen: (10, 2, 'DNF', [71, 71], 4, 1), (mean val acc cv) 0.905343, (test acc holdout) 0.857143, (mean training time) 0.339509
10,2,DNF,[142, 142],2,0,0.290701,0.906250
10,2,DNF,[142, 142],2,1,0.333358,0.937500
10,2,DNF,[142, 142],2,2,0.425348,0.937500
10,2,DNF,[142, 142],2,3,0.469278,0.875000
10,2,DNF,[142, 142],2,4,0.254593,0.937500
10,2,DNF,[142, 142],2,5,0.280228,1.000000
10,2,DNF,[142, 143],2,6,0.337029,0.903226
10,2,DNF,[142, 143],2,7,0.274996,0.935484
10,2,DNF,[142, 143],2,8,0.266371,0.806452
10,2,DNF,[142, 143],2,9,0.382601,0.935484
---> Chosen: (10, 2, 'DNF', [142, 142], 2, 5), (mean val acc cv) 0.917440, (test acc holdout) 0.914286, (mean training time) 0.331450
10,3,CNF,[8, 9],35,0,1.013391,0.812500
10,3,CNF,[8, 9],35,1,1.087171,0.875000
10,3,CNF,[8, 9],35,2,1.019024,0.843750
10,3,CNF,[8, 9],35,3,1.015171,0.750000
10,3,CNF,[8, 9],35,4,1.053183,0.781250
10,3,CNF,[8, 9],35,5,1.037225,0.593750
10,3,CNF,[8, 9],35,6,1.054163,0.806452
10,3,CNF,[8, 9],35,7,1.059141,0.677419
10,3,CNF,[8, 9],35,8,1.039183,0.709677
10,3,CNF,[8, 9],35,9,1.012086,0.903226
---> Chosen: (10, 3, 'CNF', [8, 9], 35, 9), (mean val acc cv) 0.775302, (test acc holdout) 0.942857, (mean training time) 1.038974
10,3,CNF,[16, 17],17,0,0.621041,0.812500
10,3,CNF,[16, 17],17,1,0.620759,0.906250
10,3,CNF,[16, 17],17,2,0.654813,0.750000
10,3,CNF,[16, 17],17,3,0.604233,0.656250
10,3,CNF,[16, 17],17,4,0.615743,0.812500
10,3,CNF,[16, 17],17,5,0.633678,0.875000
10,3,CNF,[16, 17],17,6,0.624738,0.838710
10,3,CNF,[16, 17],17,7,0.631767,0.838710
10,3,CNF,[16, 17],17,8,0.643947,0.741935
10,3,CNF,[16, 17],17,9,0.649400,0.645161
---> Chosen: (10, 3, 'CNF', [16, 17], 17, 1), (mean val acc cv) 0.787702, (test acc holdout) 0.857143, (mean training time) 0.630012
10,3,CNF,[35, 36],8,0,0.444669,0.781250
10,3,CNF,[35, 36],8,1,0.435294,0.781250
10,3,CNF,[35, 36],8,2,0.444703,0.781250
10,3,CNF,[35, 36],8,3,0.380306,0.718750
10,3,CNF,[35, 36],8,4,0.409710,0.687500
10,3,CNF,[35, 36],8,5,0.412279,0.843750
10,3,CNF,[35, 36],8,6,0.431482,0.838710
10,3,CNF,[35, 36],8,7,0.493030,0.774194
10,3,CNF,[35, 36],8,8,0.557861,0.774194
10,3,CNF,[35, 36],8,9,0.478291,0.774194
---> Chosen: (10, 3, 'CNF', [35, 36], 8, 5), (mean val acc cv) 0.775504, (test acc holdout) 0.771429, (mean training time) 0.448762
10,3,CNF,[71, 71],4,0,0.958246,0.781250
10,3,CNF,[71, 71],4,1,1.909855,0.750000
10,3,CNF,[71, 71],4,2,0.856058,0.843750
10,3,CNF,[71, 71],4,3,1.207867,0.812500
10,3,CNF,[71, 71],4,4,0.461112,0.750000
10,3,CNF,[71, 71],4,5,1.067434,0.906250
10,3,CNF,[71, 72],4,6,1.088901,0.806452
10,3,CNF,[71, 72],4,7,1.920311,0.870968
10,3,CNF,[71, 72],4,8,0.518448,0.806452
10,3,CNF,[71, 72],4,9,2.339919,0.838710
---> Chosen: (10, 3, 'CNF', [71, 71], 4, 5), (mean val acc cv) 0.816633, (test acc holdout) 0.914286, (mean training time) 1.232815
10,3,CNF,[142, 142],2,0,37.038894,0.875000
10,3,CNF,[142, 142],2,1,165.313914,0.750000
10,3,CNF,[142, 142],2,2,8.421719,0.875000
10,3,CNF,[142, 142],2,3,23.209892,0.843750
10,3,CNF,[142, 142],2,4,8.338046,0.906250
10,3,CNF,[142, 142],2,5,39.524355,0.843750
10,3,CNF,[142, 143],2,6,205.950334,0.838710
10,3,CNF,[142, 143],2,7,114.897954,0.967742
10,3,CNF,[142, 143],2,8,109.351456,0.806452
10,3,CNF,[142, 143],2,9,75.419806,0.870968
---> Chosen: (10, 3, 'CNF', [142, 143], 2, 7), (mean val acc cv) 0.857762, (test acc holdout) 0.885714, (mean training time) 78.746637
10,3,DNF,[8, 9],35,0,1.177297,0.875000
10,3,DNF,[8, 9],35,1,1.129615,0.875000
10,3,DNF,[8, 9],35,2,1.105441,0.718750
10,3,DNF,[8, 9],35,3,1.088030,0.781250
10,3,DNF,[8, 9],35,4,1.090396,0.937500
10,3,DNF,[8, 9],35,5,1.056539,0.875000
10,3,DNF,[8, 9],35,6,1.055855,0.967742
10,3,DNF,[8, 9],35,7,1.116735,0.903226
10,3,DNF,[8, 9],35,8,1.127290,0.677419
10,3,DNF,[8, 9],35,9,1.117484,0.903226
---> Chosen: (10, 3, 'DNF', [8, 9], 35, 6), (mean val acc cv) 0.851411, (test acc holdout) 0.914286, (mean training time) 1.106468
10,3,DNF,[16, 17],17,0,0.668635,0.656250
10,3,DNF,[16, 17],17,1,1.502215,0.906250
10,3,DNF,[16, 17],17,2,0.639908,0.906250
10,3,DNF,[16, 17],17,3,0.686239,0.625000
10,3,DNF,[16, 17],17,4,0.713704,0.906250
10,3,DNF,[16, 17],17,5,0.661083,0.875000
10,3,DNF,[16, 17],17,6,0.662671,0.903226
10,3,DNF,[16, 17],17,7,0.662931,0.903226
10,3,DNF,[16, 17],17,8,0.709332,0.870968
10,3,DNF,[16, 17],17,9,0.705977,0.774194
---> Chosen: (10, 3, 'DNF', [16, 17], 17, 1), (mean val acc cv) 0.832661, (test acc holdout) 0.885714, (mean training time) 0.761270
10,3,DNF,[35, 36],8,0,0.558826,0.875000
10,3,DNF,[35, 36],8,1,0.700523,0.906250
10,3,DNF,[35, 36],8,2,0.495456,0.875000
10,3,DNF,[35, 36],8,3,0.454406,0.875000
10,3,DNF,[35, 36],8,4,0.461235,0.906250
10,3,DNF,[35, 36],8,5,0.459847,0.781250
10,3,DNF,[35, 36],8,6,0.442274,0.903226
10,3,DNF,[35, 36],8,7,0.520600,0.838710
10,3,DNF,[35, 36],8,8,0.482989,0.903226
10,3,DNF,[35, 36],8,9,0.519240,0.870968
---> Chosen: (10, 3, 'DNF', [35, 36], 8, 1), (mean val acc cv) 0.873488, (test acc holdout) 0.857143, (mean training time) 0.509539
10,3,DNF,[71, 71],4,0,0.466316,0.875000
10,3,DNF,[71, 71],4,1,0.694337,0.937500
10,3,DNF,[71, 71],4,2,0.353353,0.906250
10,3,DNF,[71, 71],4,3,1.325786,0.875000
10,3,DNF,[71, 71],4,4,1.020321,0.843750
10,3,DNF,[71, 71],4,5,1.201162,0.781250
10,3,DNF,[71, 72],4,6,0.479433,0.903226
10,3,DNF,[71, 72],4,7,0.776677,0.903226
10,3,DNF,[71, 72],4,8,0.444814,0.870968
10,3,DNF,[71, 72],4,9,1.681456,0.903226
---> Chosen: (10, 3, 'DNF', [71, 71], 4, 1), (mean val acc cv) 0.879940, (test acc holdout) 0.828571, (mean training time) 0.844365
10,3,DNF,[142, 142],2,0,0.693331,0.937500
10,3,DNF,[142, 142],2,1,23.023600,0.937500
10,3,DNF,[142, 142],2,2,0.546884,0.937500
10,3,DNF,[142, 142],2,3,0.646482,0.875000
10,3,DNF,[142, 142],2,4,0.689411,0.875000
10,3,DNF,[142, 142],2,5,1.138099,0.968750
10,3,DNF,[142, 143],2,6,1.724948,0.870968
10,3,DNF,[142, 143],2,7,12.929062,0.903226
10,3,DNF,[142, 143],2,8,4.320297,0.838710
10,3,DNF,[142, 143],2,9,11.053137,0.870968
---> Chosen: (10, 3, 'DNF', [142, 142], 2, 5), (mean val acc cv) 0.901512, (test acc holdout) 0.885714, (mean training time) 5.676525
------------------
HOLDOUT 9
size training + validation: (316, 34)
size testing: (35, 34)
max_test_acc_holdout: 0.942857
chosen_params: ['5', '3', 'DNF', '[35, 36]', '8', '5']
chosen_mean_val_acc: 0.898488
chosen_training_time: 0.503928
chosen_model_rule:
[X2 >= 0.741295 AND X3 < 0.755585 AND X3 >= -0.932245 AND X4 >= 0.231540 AND X7 >= -0.983575 AND X9 >= -0.572990 AND X17 >= -0.805795] OR [X22 >= 0.186570 AND X26 < 0.999945 AND X28 >= -0.000090] OR [X1 AND X4 < 0.987490 AND X5 < -0.000715]
