lamda, n_clause, rule_type, partition_size, n_partitions, id_cv, training_time, accuracy
5,1,CNF,[8, 9],35,0,0.926383,0.562500
5,1,CNF,[8, 9],35,1,0.967141,0.843750
5,1,CNF,[8, 9],35,2,0.871310,0.718750
5,1,CNF,[8, 9],35,3,0.849402,0.750000
5,1,CNF,[8, 9],35,4,0.861103,0.687500
5,1,CNF,[8, 9],35,5,0.855650,0.687500
5,1,CNF,[8, 9],35,6,0.904254,0.838710
5,1,CNF,[8, 9],35,7,0.851206,0.741935
5,1,CNF,[8, 9],35,8,0.892843,0.774194
5,1,CNF,[8, 9],35,9,0.838252,0.709677
---> Chosen: (5, 1, 'CNF', [8, 9], 35, 1), (mean val acc cv) 0.731452, (test acc holdout) 0.800000, (mean training time) 0.881754
5,1,CNF,[16, 17],17,0,0.485902,0.750000
5,1,CNF,[16, 17],17,1,0.499347,0.687500
5,1,CNF,[16, 17],17,2,0.476209,0.656250
5,1,CNF,[16, 17],17,3,0.475526,0.531250
5,1,CNF,[16, 17],17,4,0.485596,0.843750
5,1,CNF,[16, 17],17,5,0.474005,0.781250
5,1,CNF,[16, 17],17,6,0.491772,0.774194
5,1,CNF,[16, 17],17,7,0.468954,0.774194
5,1,CNF,[16, 17],17,8,0.504694,0.548387
5,1,CNF,[16, 17],17,9,0.485547,0.838710
---> Chosen: (5, 1, 'CNF', [16, 17], 17, 4), (mean val acc cv) 0.718548, (test acc holdout) 0.742857, (mean training time) 0.484755
5,1,CNF,[35, 36],8,0,0.279686,0.812500
5,1,CNF,[35, 36],8,1,0.302393,0.718750
5,1,CNF,[35, 36],8,2,0.290196,0.750000
5,1,CNF,[35, 36],8,3,0.284233,0.781250
5,1,CNF,[35, 36],8,4,0.295439,0.812500
5,1,CNF,[35, 36],8,5,0.319194,0.750000
5,1,CNF,[35, 36],8,6,0.306731,0.806452
5,1,CNF,[35, 36],8,7,0.332816,0.838710
5,1,CNF,[35, 36],8,8,0.319102,0.870968
5,1,CNF,[35, 36],8,9,0.290629,0.806452
---> Chosen: (5, 1, 'CNF', [35, 36], 8, 8), (mean val acc cv) 0.794758, (test acc holdout) 0.828571, (mean training time) 0.302042
5,1,CNF,[71, 71],4,0,0.279796,0.812500
5,1,CNF,[71, 71],4,1,0.260164,0.781250
5,1,CNF,[71, 71],4,2,0.234246,0.718750
5,1,CNF,[71, 71],4,3,0.246533,0.781250
5,1,CNF,[71, 71],4,4,0.239599,0.812500
5,1,CNF,[71, 71],4,5,0.229860,0.750000
5,1,CNF,[71, 72],4,6,0.329801,0.741935
5,1,CNF,[71, 72],4,7,0.298485,0.806452
5,1,CNF,[71, 72],4,8,0.308223,0.774194
5,1,CNF,[71, 72],4,9,0.254087,0.838710
---> Chosen: (5, 1, 'CNF', [71, 72], 4, 9), (mean val acc cv) 0.781754, (test acc holdout) 0.628571, (mean training time) 0.268079
5,1,CNF,[142, 142],2,0,0.480457,0.812500
5,1,CNF,[142, 142],2,1,0.485117,0.843750
5,1,CNF,[142, 142],2,2,0.405751,0.687500
5,1,CNF,[142, 142],2,3,0.488824,0.812500
5,1,CNF,[142, 142],2,4,0.287730,0.781250
5,1,CNF,[142, 142],2,5,0.412612,0.812500
5,1,CNF,[142, 143],2,6,0.343526,0.838710
5,1,CNF,[142, 143],2,7,0.340903,0.806452
5,1,CNF,[142, 143],2,8,0.456183,0.903226
5,1,CNF,[142, 143],2,9,0.690773,0.903226
---> Chosen: (5, 1, 'CNF', [142, 143], 2, 8), (mean val acc cv) 0.820161, (test acc holdout) 0.628571, (mean training time) 0.439188
5,1,DNF,[8, 9],35,0,0.850129,0.906250
5,1,DNF,[8, 9],35,1,0.849754,0.906250
5,1,DNF,[8, 9],35,2,0.875227,0.937500
5,1,DNF,[8, 9],35,3,0.887329,0.843750
5,1,DNF,[8, 9],35,4,0.859715,0.875000
5,1,DNF,[8, 9],35,5,0.900992,0.906250
5,1,DNF,[8, 9],35,6,0.894027,0.838710
5,1,DNF,[8, 9],35,7,0.868778,0.838710
5,1,DNF,[8, 9],35,8,0.869577,0.935484
5,1,DNF,[8, 9],35,9,0.857791,0.870968
---> Chosen: (5, 1, 'DNF', [8, 9], 35, 2), (mean val acc cv) 0.885887, (test acc holdout) 0.942857, (mean training time) 0.871332
5,1,DNF,[16, 17],17,0,0.515257,0.968750
5,1,DNF,[16, 17],17,1,0.492049,0.906250
5,1,DNF,[16, 17],17,2,0.481750,0.875000
5,1,DNF,[16, 17],17,3,0.480904,0.968750
5,1,DNF,[16, 17],17,4,0.495260,0.937500
5,1,DNF,[16, 17],17,5,0.507489,0.968750
5,1,DNF,[16, 17],17,6,0.529203,0.935484
5,1,DNF,[16, 17],17,7,0.494361,0.806452
5,1,DNF,[16, 17],17,8,0.520832,0.903226
5,1,DNF,[16, 17],17,9,0.515491,0.903226
---> Chosen: (5, 1, 'DNF', [16, 17], 17, 0), (mean val acc cv) 0.917339, (test acc holdout) 0.971429, (mean training time) 0.503260
5,1,DNF,[35, 36],8,0,0.315546,0.937500
5,1,DNF,[35, 36],8,1,0.316701,0.906250
5,1,DNF,[35, 36],8,2,0.306890,0.937500
5,1,DNF,[35, 36],8,3,0.306903,0.906250
5,1,DNF,[35, 36],8,4,0.314705,0.968750
5,1,DNF,[35, 36],8,5,0.318005,0.968750
5,1,DNF,[35, 36],8,6,0.357838,0.903226
5,1,DNF,[35, 36],8,7,0.295806,0.838710
5,1,DNF,[35, 36],8,8,0.310745,0.903226
5,1,DNF,[35, 36],8,9,0.320751,0.870968
---> Chosen: (5, 1, 'DNF', [35, 36], 8, 4), (mean val acc cv) 0.914113, (test acc holdout) 0.942857, (mean training time) 0.316389
5,1,DNF,[71, 71],4,0,0.241970,0.906250
5,1,DNF,[71, 71],4,1,0.222204,0.906250
5,1,DNF,[71, 71],4,2,0.235956,0.906250
5,1,DNF,[71, 71],4,3,0.219932,0.843750
5,1,DNF,[71, 71],4,4,0.218012,0.937500
5,1,DNF,[71, 71],4,5,0.220039,0.968750
5,1,DNF,[71, 72],4,6,0.234909,0.967742
5,1,DNF,[71, 72],4,7,0.212850,0.870968
5,1,DNF,[71, 72],4,8,0.220084,0.935484
5,1,DNF,[71, 72],4,9,0.220803,0.870968
---> Chosen: (5, 1, 'DNF', [71, 71], 4, 5), (mean val acc cv) 0.911391, (test acc holdout) 0.971429, (mean training time) 0.224676
5,1,DNF,[142, 142],2,0,0.219475,0.968750
5,1,DNF,[142, 142],2,1,0.179673,0.875000
5,1,DNF,[142, 142],2,2,0.175957,0.937500
5,1,DNF,[142, 142],2,3,0.167967,0.843750
5,1,DNF,[142, 142],2,4,0.171979,0.968750
5,1,DNF,[142, 142],2,5,0.178720,0.968750
5,1,DNF,[142, 143],2,6,0.192948,0.967742
5,1,DNF,[142, 143],2,7,0.197356,0.870968
5,1,DNF,[142, 143],2,8,0.184335,0.903226
5,1,DNF,[142, 143],2,9,0.180827,0.903226
---> Chosen: (5, 1, 'DNF', [142, 142], 2, 0), (mean val acc cv) 0.920766, (test acc holdout) 0.971429, (mean training time) 0.184924
5,2,CNF,[8, 9],35,0,0.921647,0.750000
5,2,CNF,[8, 9],35,1,0.944088,0.750000
5,2,CNF,[8, 9],35,2,0.930580,0.906250
5,2,CNF,[8, 9],35,3,0.965351,0.875000
5,2,CNF,[8, 9],35,4,0.958305,0.843750
5,2,CNF,[8, 9],35,5,0.942613,0.500000
5,2,CNF,[8, 9],35,6,0.941972,0.580645
5,2,CNF,[8, 9],35,7,0.941317,0.838710
5,2,CNF,[8, 9],35,8,0.916805,0.709677
5,2,CNF,[8, 9],35,9,0.906930,0.516129
---> Chosen: (5, 2, 'CNF', [8, 9], 35, 2), (mean val acc cv) 0.727016, (test acc holdout) 0.800000, (mean training time) 0.936961
5,2,CNF,[16, 17],17,0,0.527029,0.781250
5,2,CNF,[16, 17],17,1,0.531208,0.843750
5,2,CNF,[16, 17],17,2,0.539635,0.781250
5,2,CNF,[16, 17],17,3,0.541817,0.781250
5,2,CNF,[16, 17],17,4,0.512478,0.875000
5,2,CNF,[16, 17],17,5,0.528334,0.718750
5,2,CNF,[16, 17],17,6,0.568012,0.870968
5,2,CNF,[16, 17],17,7,0.546602,0.709677
5,2,CNF,[16, 17],17,8,0.577518,0.838710
5,2,CNF,[16, 17],17,9,0.524349,0.645161
---> Chosen: (5, 2, 'CNF', [16, 17], 17, 4), (mean val acc cv) 0.784577, (test acc holdout) 0.828571, (mean training time) 0.539698
5,2,CNF,[35, 36],8,0,0.418822,0.843750
5,2,CNF,[35, 36],8,1,0.398308,0.750000
5,2,CNF,[35, 36],8,2,0.396843,0.812500
5,2,CNF,[35, 36],8,3,0.430749,0.875000
5,2,CNF,[35, 36],8,4,0.349631,0.750000
5,2,CNF,[35, 36],8,5,0.413527,0.781250
5,2,CNF,[35, 36],8,6,0.421741,0.806452
5,2,CNF,[35, 36],8,7,0.362106,0.709677
5,2,CNF,[35, 36],8,8,0.388101,0.838710
5,2,CNF,[35, 36],8,9,0.346478,0.774194
---> Chosen: (5, 2, 'CNF', [35, 36], 8, 3), (mean val acc cv) 0.794153, (test acc holdout) 0.971429, (mean training time) 0.392631
5,2,CNF,[71, 71],4,0,0.883379,0.875000
5,2,CNF,[71, 71],4,1,1.203710,0.812500
5,2,CNF,[71, 71],4,2,1.444597,0.750000
5,2,CNF,[71, 71],4,3,1.045549,0.812500
5,2,CNF,[71, 71],4,4,1.013615,0.812500
5,2,CNF,[71, 71],4,5,1.363234,0.937500
5,2,CNF,[71, 72],4,6,1.201343,0.774194
5,2,CNF,[71, 72],4,7,0.874923,0.774194
5,2,CNF,[71, 72],4,8,0.994655,0.838710
5,2,CNF,[71, 72],4,9,0.583190,0.903226
---> Chosen: (5, 2, 'CNF', [71, 71], 4, 5), (mean val acc cv) 0.829032, (test acc holdout) 0.885714, (mean training time) 1.060819
5,2,CNF,[142, 142],2,0,8.485605,0.843750
5,2,CNF,[142, 142],2,1,13.222377,0.781250
5,2,CNF,[142, 142],2,2,13.739082,0.718750
5,2,CNF,[142, 142],2,3,17.659889,0.875000
5,2,CNF,[142, 142],2,4,6.245471,0.937500
5,2,CNF,[142, 142],2,5,13.374332,0.937500
5,2,CNF,[142, 143],2,6,12.285882,0.806452
5,2,CNF,[142, 143],2,7,12.377120,0.870968
5,2,CNF,[142, 143],2,8,13.048145,0.870968
5,2,CNF,[142, 143],2,9,11.279523,0.903226
---> Chosen: (5, 2, 'CNF', [142, 142], 2, 4), (mean val acc cv) 0.854536, (test acc holdout) 0.885714, (mean training time) 12.171742
5,2,DNF,[8, 9],35,0,0.876448,0.875000
5,2,DNF,[8, 9],35,1,0.894682,0.937500
5,2,DNF,[8, 9],35,2,0.904071,0.906250
5,2,DNF,[8, 9],35,3,0.866751,0.750000
5,2,DNF,[8, 9],35,4,0.873269,0.968750
5,2,DNF,[8, 9],35,5,0.879113,0.906250
5,2,DNF,[8, 9],35,6,0.896243,0.709677
5,2,DNF,[8, 9],35,7,0.887291,0.838710
5,2,DNF,[8, 9],35,8,0.918204,0.903226
5,2,DNF,[8, 9],35,9,0.924560,0.806452
---> Chosen: (5, 2, 'DNF', [8, 9], 35, 4), (mean val acc cv) 0.860181, (test acc holdout) 0.971429, (mean training time) 0.892063
5,2,DNF,[16, 17],17,0,0.520605,0.906250
5,2,DNF,[16, 17],17,1,0.529006,0.906250
5,2,DNF,[16, 17],17,2,0.524755,0.968750
5,2,DNF,[16, 17],17,3,0.515429,0.875000
5,2,DNF,[16, 17],17,4,0.507210,0.843750
5,2,DNF,[16, 17],17,5,0.527460,0.812500
5,2,DNF,[16, 17],17,6,0.549697,0.838710
5,2,DNF,[16, 17],17,7,0.513764,0.838710
5,2,DNF,[16, 17],17,8,0.520394,0.741935
5,2,DNF,[16, 17],17,9,0.500928,0.903226
---> Chosen: (5, 2, 'DNF', [16, 17], 17, 2), (mean val acc cv) 0.863508, (test acc holdout) 0.942857, (mean training time) 0.520925
5,2,DNF,[35, 36],8,0,0.373285,0.843750
5,2,DNF,[35, 36],8,1,0.358121,0.812500
5,2,DNF,[35, 36],8,2,0.344519,0.906250
5,2,DNF,[35, 36],8,3,0.352519,0.843750
5,2,DNF,[35, 36],8,4,0.358308,0.968750
5,2,DNF,[35, 36],8,5,0.350796,0.843750
5,2,DNF,[35, 36],8,6,0.362951,0.935484
5,2,DNF,[35, 36],8,7,0.339962,0.838710
5,2,DNF,[35, 36],8,8,0.391469,0.838710
5,2,DNF,[35, 36],8,9,0.335802,0.903226
---> Chosen: (5, 2, 'DNF', [35, 36], 8, 4), (mean val acc cv) 0.873488, (test acc holdout) 0.942857, (mean training time) 0.356773
5,2,DNF,[71, 71],4,0,0.328595,0.906250
5,2,DNF,[71, 71],4,1,0.393030,0.812500
5,2,DNF,[71, 71],4,2,0.281235,0.875000
5,2,DNF,[71, 71],4,3,0.281059,0.843750
5,2,DNF,[71, 71],4,4,0.307349,0.937500
5,2,DNF,[71, 71],4,5,0.338800,0.781250
5,2,DNF,[71, 72],4,6,0.409801,0.903226
5,2,DNF,[71, 72],4,7,0.332025,0.774194
5,2,DNF,[71, 72],4,8,0.316823,0.903226
5,2,DNF,[71, 72],4,9,0.408505,0.967742
---> Chosen: (5, 2, 'DNF', [71, 72], 4, 9), (mean val acc cv) 0.870464, (test acc holdout) 0.857143, (mean training time) 0.339722
5,2,DNF,[142, 142],2,0,0.560820,0.906250
5,2,DNF,[142, 142],2,1,0.399457,0.906250
5,2,DNF,[142, 142],2,2,0.502745,0.906250
5,2,DNF,[142, 142],2,3,0.372918,0.812500
5,2,DNF,[142, 142],2,4,0.279682,0.937500
5,2,DNF,[142, 142],2,5,0.980098,0.906250
5,2,DNF,[142, 143],2,6,0.356791,0.903226
5,2,DNF,[142, 143],2,7,0.408265,0.838710
5,2,DNF,[142, 143],2,8,0.522015,0.903226
5,2,DNF,[142, 143],2,9,0.270007,0.935484
---> Chosen: (5, 2, 'DNF', [142, 142], 2, 4), (mean val acc cv) 0.895565, (test acc holdout) 0.885714, (mean training time) 0.465280
5,3,CNF,[8, 9],35,0,0.908259,0.687500
5,3,CNF,[8, 9],35,1,0.929401,0.718750
5,3,CNF,[8, 9],35,2,0.911790,0.437500
5,3,CNF,[8, 9],35,3,0.950201,0.812500
5,3,CNF,[8, 9],35,4,0.930054,0.937500
5,3,CNF,[8, 9],35,5,0.932703,0.812500
5,3,CNF,[8, 9],35,6,0.954642,0.838710
5,3,CNF,[8, 9],35,7,0.902179,0.806452
5,3,CNF,[8, 9],35,8,0.936005,0.935484
5,3,CNF,[8, 9],35,9,0.943844,0.677419
---> Chosen: (5, 3, 'CNF', [8, 9], 35, 4), (mean val acc cv) 0.766431, (test acc holdout) 0.857143, (mean training time) 0.929908
5,3,CNF,[16, 17],17,0,0.577574,0.906250
5,3,CNF,[16, 17],17,1,0.568046,0.781250
5,3,CNF,[16, 17],17,2,0.567061,0.781250
5,3,CNF,[16, 17],17,3,0.559040,0.750000
5,3,CNF,[16, 17],17,4,0.556685,0.750000
5,3,CNF,[16, 17],17,5,0.572562,0.656250
5,3,CNF,[16, 17],17,6,0.597592,0.677419
5,3,CNF,[16, 17],17,7,0.603651,0.709677
5,3,CNF,[16, 17],17,8,0.580323,0.870968
5,3,CNF,[16, 17],17,9,0.539989,0.870968
---> Chosen: (5, 3, 'CNF', [16, 17], 17, 0), (mean val acc cv) 0.775403, (test acc holdout) 0.857143, (mean training time) 0.572252
5,3,CNF,[35, 36],8,0,0.385921,0.843750
5,3,CNF,[35, 36],8,1,0.480809,0.812500
5,3,CNF,[35, 36],8,2,0.419349,0.812500
5,3,CNF,[35, 36],8,3,0.447489,0.812500
5,3,CNF,[35, 36],8,4,0.377847,0.875000
5,3,CNF,[35, 36],8,5,0.475297,0.718750
5,3,CNF,[35, 36],8,6,0.417999,0.870968
5,3,CNF,[35, 36],8,7,0.393523,0.709677
5,3,CNF,[35, 36],8,8,0.516165,0.870968
5,3,CNF,[35, 36],8,9,0.386085,0.935484
---> Chosen: (5, 3, 'CNF', [35, 36], 8, 9), (mean val acc cv) 0.826210, (test acc holdout) 0.857143, (mean training time) 0.430048
5,3,CNF,[71, 71],4,0,0.697164,0.906250
5,3,CNF,[71, 71],4,1,1.116082,0.812500
5,3,CNF,[71, 71],4,2,1.236581,0.812500
5,3,CNF,[71, 71],4,3,0.491441,0.718750
5,3,CNF,[71, 71],4,4,0.941617,0.718750
5,3,CNF,[71, 71],4,5,1.073509,0.937500
5,3,CNF,[71, 72],4,6,2.441477,0.806452
5,3,CNF,[71, 72],4,7,1.148075,0.741935
5,3,CNF,[71, 72],4,8,2.811361,0.838710
5,3,CNF,[71, 72],4,9,1.651383,0.838710
---> Chosen: (5, 3, 'CNF', [71, 71], 4, 5), (mean val acc cv) 0.813206, (test acc holdout) 0.828571, (mean training time) 1.360869
5,3,CNF,[142, 142],2,0,215.444671,0.875000
5,3,CNF,[142, 142],2,1,148.201190,0.812500
5,3,CNF,[142, 142],2,2,202.871005,0.718750
5,3,CNF,[142, 142],2,3,102.330476,0.843750
5,3,CNF,[142, 142],2,4,10.310307,0.812500
5,3,CNF,[142, 142],2,5,1003.055060,0.843750
5,3,CNF,[142, 143],2,6,391.800082,0.806452
5,3,CNF,[142, 143],2,7,16.883873,0.903226
5,3,CNF,[142, 143],2,8,73.690583,0.870968
5,3,CNF,[142, 143],2,9,117.411988,0.838710
---> Chosen: (5, 3, 'CNF', [142, 143], 2, 7), (mean val acc cv) 0.832560, (test acc holdout) 0.828571, (mean training time) 228.199923
5,3,DNF,[8, 9],35,0,1.071446,0.625000
5,3,DNF,[8, 9],35,1,1.101141,0.906250
5,3,DNF,[8, 9],35,2,0.957327,0.906250
5,3,DNF,[8, 9],35,3,0.992968,0.906250
5,3,DNF,[8, 9],35,4,1.042448,0.718750
5,3,DNF,[8, 9],35,5,1.027644,0.906250
5,3,DNF,[8, 9],35,6,1.056628,0.870968
5,3,DNF,[8, 9],35,7,1.022839,0.838710
5,3,DNF,[8, 9],35,8,1.078052,0.935484
5,3,DNF,[8, 9],35,9,1.016836,0.838710
---> Chosen: (5, 3, 'DNF', [8, 9], 35, 8), (mean val acc cv) 0.845262, (test acc holdout) 0.942857, (mean training time) 1.036733
5,3,DNF,[16, 17],17,0,0.644733,0.968750
5,3,DNF,[16, 17],17,1,0.634249,0.875000
5,3,DNF,[16, 17],17,2,0.602860,0.718750
5,3,DNF,[16, 17],17,3,0.594360,0.812500
5,3,DNF,[16, 17],17,4,0.569675,0.812500
5,3,DNF,[16, 17],17,5,0.609558,0.906250
5,3,DNF,[16, 17],17,6,0.628576,0.806452
5,3,DNF,[16, 17],17,7,0.574088,0.838710
5,3,DNF,[16, 17],17,8,0.600592,0.870968
5,3,DNF,[16, 17],17,9,0.602185,0.774194
---> Chosen: (5, 3, 'DNF', [16, 17], 17, 0), (mean val acc cv) 0.838407, (test acc holdout) 0.885714, (mean training time) 0.606088
5,3,DNF,[35, 36],8,0,0.447556,0.937500
5,3,DNF,[35, 36],8,1,0.461384,0.906250
5,3,DNF,[35, 36],8,2,0.463351,0.843750
5,3,DNF,[35, 36],8,3,0.453819,0.812500
5,3,DNF,[35, 36],8,4,0.445543,0.906250
5,3,DNF,[35, 36],8,5,0.481382,0.875000
5,3,DNF,[35, 36],8,6,0.454855,0.870968
5,3,DNF,[35, 36],8,7,0.490557,0.967742
5,3,DNF,[35, 36],8,8,0.584076,0.903226
5,3,DNF,[35, 36],8,9,0.435486,0.806452
---> Chosen: (5, 3, 'DNF', [35, 36], 8, 7), (mean val acc cv) 0.882964, (test acc holdout) 0.914286, (mean training time) 0.471801
5,3,DNF,[71, 71],4,0,1.619401,0.875000
5,3,DNF,[71, 71],4,1,1.078452,0.843750
5,3,DNF,[71, 71],4,2,0.836618,0.968750
5,3,DNF,[71, 71],4,3,0.541836,0.906250
5,3,DNF,[71, 71],4,4,0.389859,0.875000
5,3,DNF,[71, 71],4,5,2.283103,0.875000
5,3,DNF,[71, 72],4,6,0.566097,0.838710
5,3,DNF,[71, 72],4,7,0.586934,0.838710
5,3,DNF,[71, 72],4,8,0.539770,0.870968
5,3,DNF,[71, 72],4,9,1.036391,0.935484
---> Chosen: (5, 3, 'DNF', [71, 71], 4, 2), (mean val acc cv) 0.882762, (test acc holdout) 0.828571, (mean training time) 0.947846
5,3,DNF,[142, 142],2,0,8.612846,0.906250
5,3,DNF,[142, 142],2,1,8.520665,0.875000
5,3,DNF,[142, 142],2,2,4.552041,0.937500
5,3,DNF,[142, 142],2,3,3.769983,0.906250
5,3,DNF,[142, 142],2,4,3.809095,0.906250
5,3,DNF,[142, 142],2,5,8.027918,0.812500
5,3,DNF,[142, 143],2,6,11.772576,0.903226
5,3,DNF,[142, 143],2,7,3.555806,0.870968
5,3,DNF,[142, 143],2,8,4.429109,0.903226
5,3,DNF,[142, 143],2,9,31.642159,0.967742
---> Chosen: (5, 3, 'DNF', [142, 143], 2, 9), (mean val acc cv) 0.898891, (test acc holdout) 0.914286, (mean training time) 8.869220
10,1,CNF,[8, 9],35,0,0.816274,0.812500
10,1,CNF,[8, 9],35,1,0.959170,0.843750
10,1,CNF,[8, 9],35,2,0.855094,0.656250
10,1,CNF,[8, 9],35,3,0.846366,0.750000
10,1,CNF,[8, 9],35,4,0.925685,0.718750
10,1,CNF,[8, 9],35,5,0.937444,0.593750
10,1,CNF,[8, 9],35,6,0.863872,0.741935
10,1,CNF,[8, 9],35,7,0.961265,0.774194
10,1,CNF,[8, 9],35,8,0.901643,0.612903
10,1,CNF,[8, 9],35,9,0.912234,0.903226
---> Chosen: (10, 1, 'CNF', [8, 9], 35, 9), (mean val acc cv) 0.740726, (test acc holdout) 0.771429, (mean training time) 0.897905
10,1,CNF,[16, 17],17,0,0.482231,0.843750
10,1,CNF,[16, 17],17,1,0.613624,0.656250
10,1,CNF,[16, 17],17,2,0.440969,0.562500
10,1,CNF,[16, 17],17,3,0.582291,0.500000
10,1,CNF,[16, 17],17,4,0.435801,0.718750
10,1,CNF,[16, 17],17,5,0.450911,0.906250
10,1,CNF,[16, 17],17,6,0.607528,0.580645
10,1,CNF,[16, 17],17,7,0.525849,0.806452
10,1,CNF,[16, 17],17,8,0.483472,0.741935
10,1,CNF,[16, 17],17,9,0.587727,0.709677
---> Chosen: (10, 1, 'CNF', [16, 17], 17, 5), (mean val acc cv) 0.702621, (test acc holdout) 0.828571, (mean training time) 0.521040
10,1,CNF,[35, 36],8,0,0.267416,0.656250
10,1,CNF,[35, 36],8,1,0.284527,0.812500
10,1,CNF,[35, 36],8,2,0.273087,0.656250
10,1,CNF,[35, 36],8,3,0.280040,0.718750
10,1,CNF,[35, 36],8,4,0.414723,0.781250
10,1,CNF,[35, 36],8,5,0.292917,0.750000
10,1,CNF,[35, 36],8,6,0.297902,0.806452
10,1,CNF,[35, 36],8,7,0.287661,0.903226
10,1,CNF,[35, 36],8,8,0.294523,0.741935
10,1,CNF,[35, 36],8,9,0.427721,0.774194
---> Chosen: (10, 1, 'CNF', [35, 36], 8, 7), (mean val acc cv) 0.760081, (test acc holdout) 0.628571, (mean training time) 0.312052
10,1,CNF,[71, 71],4,0,0.256379,0.781250
10,1,CNF,[71, 71],4,1,0.361417,0.812500
10,1,CNF,[71, 71],4,2,0.248824,0.687500
10,1,CNF,[71, 71],4,3,0.250007,0.781250
10,1,CNF,[71, 71],4,4,0.290857,0.781250
10,1,CNF,[71, 71],4,5,0.312067,0.812500
10,1,CNF,[71, 72],4,6,0.285303,0.774194
10,1,CNF,[71, 72],4,7,0.205382,0.838710
10,1,CNF,[71, 72],4,8,0.266114,0.870968
10,1,CNF,[71, 72],4,9,0.292050,0.774194
---> Chosen: (10, 1, 'CNF', [71, 72], 4, 8), (mean val acc cv) 0.791431, (test acc holdout) 0.828571, (mean training time) 0.276840
10,1,CNF,[142, 142],2,0,0.545247,0.843750
10,1,CNF,[142, 142],2,1,0.444067,0.750000
10,1,CNF,[142, 142],2,2,0.429313,0.687500
10,1,CNF,[142, 142],2,3,0.592610,0.781250
10,1,CNF,[142, 142],2,4,0.334881,0.812500
10,1,CNF,[142, 142],2,5,0.540872,0.812500
10,1,CNF,[142, 143],2,6,0.537540,0.774194
10,1,CNF,[142, 143],2,7,0.379256,0.774194
10,1,CNF,[142, 143],2,8,0.573073,0.774194
10,1,CNF,[142, 143],2,9,0.434984,0.903226
---> Chosen: (10, 1, 'CNF', [142, 143], 2, 9), (mean val acc cv) 0.791331, (test acc holdout) 0.771429, (mean training time) 0.481184
10,1,DNF,[8, 9],35,0,0.903520,0.937500
10,1,DNF,[8, 9],35,1,1.027719,0.906250
10,1,DNF,[8, 9],35,2,0.869639,0.906250
10,1,DNF,[8, 9],35,3,1.013048,0.906250
10,1,DNF,[8, 9],35,4,0.885096,0.968750
10,1,DNF,[8, 9],35,5,0.991049,0.968750
10,1,DNF,[8, 9],35,6,1.019039,0.806452
10,1,DNF,[8, 9],35,7,0.871025,0.838710
10,1,DNF,[8, 9],35,8,0.961068,0.935484
10,1,DNF,[8, 9],35,9,0.862885,0.870968
---> Chosen: (10, 1, 'DNF', [8, 9], 35, 4), (mean val acc cv) 0.904536, (test acc holdout) 0.942857, (mean training time) 0.940409
10,1,DNF,[16, 17],17,0,0.619943,0.937500
10,1,DNF,[16, 17],17,1,0.525866,0.781250
10,1,DNF,[16, 17],17,2,0.511919,0.906250
10,1,DNF,[16, 17],17,3,0.555149,0.875000
10,1,DNF,[16, 17],17,4,0.480183,0.875000
10,1,DNF,[16, 17],17,5,0.640976,0.906250
10,1,DNF,[16, 17],17,6,0.518001,0.838710
10,1,DNF,[16, 17],17,7,0.455149,0.870968
10,1,DNF,[16, 17],17,8,0.485926,0.903226
10,1,DNF,[16, 17],17,9,0.589963,0.903226
---> Chosen: (10, 1, 'DNF', [16, 17], 17, 0), (mean val acc cv) 0.879738, (test acc holdout) 0.971429, (mean training time) 0.538307
10,1,DNF,[35, 36],8,0,0.305254,0.937500
10,1,DNF,[35, 36],8,1,0.314521,0.906250
10,1,DNF,[35, 36],8,2,0.292631,0.875000
10,1,DNF,[35, 36],8,3,0.342729,0.906250
10,1,DNF,[35, 36],8,4,0.366100,0.968750
10,1,DNF,[35, 36],8,5,0.292588,0.968750
10,1,DNF,[35, 36],8,6,0.303313,0.935484
10,1,DNF,[35, 36],8,7,0.317486,0.838710
10,1,DNF,[35, 36],8,8,0.430782,0.870968
10,1,DNF,[35, 36],8,9,0.290828,0.903226
---> Chosen: (10, 1, 'DNF', [35, 36], 8, 4), (mean val acc cv) 0.911089, (test acc holdout) 0.971429, (mean training time) 0.325623
10,1,DNF,[71, 71],4,0,0.201520,0.937500
10,1,DNF,[71, 71],4,1,0.214788,0.906250
10,1,DNF,[71, 71],4,2,0.201716,0.937500
10,1,DNF,[71, 71],4,3,0.220032,0.937500
10,1,DNF,[71, 71],4,4,0.291137,0.968750
10,1,DNF,[71, 71],4,5,0.275184,0.937500
10,1,DNF,[71, 72],4,6,0.238010,0.935484
10,1,DNF,[71, 72],4,7,0.202642,0.903226
10,1,DNF,[71, 72],4,8,0.209756,0.935484
10,1,DNF,[71, 72],4,9,0.263947,0.870968
---> Chosen: (10, 1, 'DNF', [71, 71], 4, 4), (mean val acc cv) 0.927016, (test acc holdout) 0.942857, (mean training time) 0.231873
10,1,DNF,[142, 142],2,0,0.206259,0.937500
10,1,DNF,[142, 142],2,1,0.171707,0.906250
10,1,DNF,[142, 142],2,2,0.160963,0.906250
10,1,DNF,[142, 142],2,3,0.167029,0.968750
10,1,DNF,[142, 142],2,4,0.162790,0.968750
10,1,DNF,[142, 142],2,5,0.170495,0.937500
10,1,DNF,[142, 143],2,6,0.180814,0.935484
10,1,DNF,[142, 143],2,7,0.238786,0.903226
10,1,DNF,[142, 143],2,8,0.217142,0.870968
10,1,DNF,[142, 143],2,9,0.162524,0.903226
---> Chosen: (10, 1, 'DNF', [142, 142], 2, 3), (mean val acc cv) 0.923790, (test acc holdout) 0.971429, (mean training time) 0.183851
10,2,CNF,[8, 9],35,0,0.839933,0.843750
10,2,CNF,[8, 9],35,1,1.033868,0.718750
10,2,CNF,[8, 9],35,2,0.892836,0.843750
10,2,CNF,[8, 9],35,3,1.033669,0.843750
10,2,CNF,[8, 9],35,4,0.991899,0.906250
10,2,CNF,[8, 9],35,5,0.998555,0.812500
10,2,CNF,[8, 9],35,6,1.072484,0.838710
10,2,CNF,[8, 9],35,7,0.985958,0.903226
10,2,CNF,[8, 9],35,8,1.380212,0.838710
10,2,CNF,[8, 9],35,9,1.108872,0.903226
---> Chosen: (10, 2, 'CNF', [8, 9], 35, 4), (mean val acc cv) 0.845262, (test acc holdout) 0.828571, (mean training time) 1.033829
10,2,CNF,[16, 17],17,0,0.812721,0.437500
10,2,CNF,[16, 17],17,1,0.711709,0.843750
10,2,CNF,[16, 17],17,2,0.510664,0.750000
10,2,CNF,[16, 17],17,3,0.552624,0.875000
10,2,CNF,[16, 17],17,4,0.506732,0.625000
10,2,CNF,[16, 17],17,5,0.539565,0.843750
10,2,CNF,[16, 17],17,6,0.569486,0.870968
10,2,CNF,[16, 17],17,7,0.551177,0.838710
10,2,CNF,[16, 17],17,8,0.544997,0.774194
10,2,CNF,[16, 17],17,9,0.557073,0.806452
---> Chosen: (10, 2, 'CNF', [16, 17], 17, 3), (mean val acc cv) 0.766532, (test acc holdout) 0.828571, (mean training time) 0.585675
10,2,CNF,[35, 36],8,0,0.334369,0.906250
10,2,CNF,[35, 36],8,1,0.375018,0.781250
10,2,CNF,[35, 36],8,2,0.365170,0.781250
10,2,CNF,[35, 36],8,3,0.391814,0.750000
10,2,CNF,[35, 36],8,4,0.357530,0.937500
10,2,CNF,[35, 36],8,5,0.396551,0.781250
10,2,CNF,[35, 36],8,6,0.417074,0.806452
10,2,CNF,[35, 36],8,7,0.341824,0.806452
10,2,CNF,[35, 36],8,8,0.366310,0.806452
10,2,CNF,[35, 36],8,9,0.372012,0.774194
---> Chosen: (10, 2, 'CNF', [35, 36], 8, 4), (mean val acc cv) 0.813105, (test acc holdout) 0.800000, (mean training time) 0.371767
10,2,CNF,[71, 71],4,0,0.635733,0.875000
10,2,CNF,[71, 71],4,1,0.898478,0.781250
10,2,CNF,[71, 71],4,2,0.750770,0.750000
10,2,CNF,[71, 71],4,3,0.829022,0.843750
10,2,CNF,[71, 71],4,4,0.579415,0.750000
10,2,CNF,[71, 71],4,5,0.790116,0.718750
10,2,CNF,[71, 72],4,6,0.826676,0.806452
10,2,CNF,[71, 72],4,7,1.316164,0.774194
10,2,CNF,[71, 72],4,8,1.221205,0.774194
10,2,CNF,[71, 72],4,9,0.956000,0.903226
---> Chosen: (10, 2, 'CNF', [71, 72], 4, 9), (mean val acc cv) 0.797681, (test acc holdout) 0.914286, (mean training time) 0.880358
10,2,CNF,[142, 142],2,0,11.821579,0.906250
10,2,CNF,[142, 142],2,1,13.623786,0.843750
10,2,CNF,[142, 142],2,2,6.556944,0.843750
10,2,CNF,[142, 142],2,3,11.591194,0.781250
10,2,CNF,[142, 142],2,4,6.294566,0.843750
10,2,CNF,[142, 142],2,5,17.966459,0.843750
10,2,CNF,[142, 143],2,6,9.560785,0.774194
10,2,CNF,[142, 143],2,7,8.200558,0.870968
10,2,CNF,[142, 143],2,8,15.251308,0.838710
10,2,CNF,[142, 143],2,9,10.444633,0.774194
---> Chosen: (10, 2, 'CNF', [142, 142], 2, 0), (mean val acc cv) 0.832056, (test acc holdout) 0.914286, (mean training time) 11.131181
10,2,DNF,[8, 9],35,0,1.019027,0.968750
10,2,DNF,[8, 9],35,1,1.057740,0.875000
10,2,DNF,[8, 9],35,2,1.009624,0.812500
10,2,DNF,[8, 9],35,3,1.014051,0.906250
10,2,DNF,[8, 9],35,4,0.990752,0.906250
10,2,DNF,[8, 9],35,5,1.005122,0.843750
10,2,DNF,[8, 9],35,6,1.005423,0.806452
10,2,DNF,[8, 9],35,7,1.014954,0.903226
10,2,DNF,[8, 9],35,8,1.028998,0.967742
10,2,DNF,[8, 9],35,9,0.987430,0.774194
---> Chosen: (10, 2, 'DNF', [8, 9], 35, 0), (mean val acc cv) 0.876411, (test acc holdout) 0.971429, (mean training time) 1.013312
10,2,DNF,[16, 17],17,0,0.569773,0.843750
10,2,DNF,[16, 17],17,1,0.601930,0.750000
10,2,DNF,[16, 17],17,2,0.574696,0.843750
10,2,DNF,[16, 17],17,3,0.575038,0.843750
10,2,DNF,[16, 17],17,4,0.582227,0.937500
10,2,DNF,[16, 17],17,5,0.634462,0.781250
10,2,DNF,[16, 17],17,6,0.549818,0.903226
10,2,DNF,[16, 17],17,7,0.526927,0.838710
10,2,DNF,[16, 17],17,8,0.551094,0.903226
10,2,DNF,[16, 17],17,9,0.555853,0.903226
---> Chosen: (10, 2, 'DNF', [16, 17], 17, 4), (mean val acc cv) 0.854839, (test acc holdout) 0.971429, (mean training time) 0.572182
10,2,DNF,[35, 36],8,0,0.354783,0.968750
10,2,DNF,[35, 36],8,1,0.420709,0.875000
10,2,DNF,[35, 36],8,2,0.350028,0.937500
10,2,DNF,[35, 36],8,3,0.378450,0.781250
10,2,DNF,[35, 36],8,4,0.370991,0.875000
10,2,DNF,[35, 36],8,5,0.389649,0.937500
10,2,DNF,[35, 36],8,6,0.398701,0.903226
10,2,DNF,[35, 36],8,7,0.383959,0.838710
10,2,DNF,[35, 36],8,8,0.405195,0.838710
10,2,DNF,[35, 36],8,9,0.398461,0.903226
---> Chosen: (10, 2, 'DNF', [35, 36], 8, 0), (mean val acc cv) 0.885887, (test acc holdout) 0.942857, (mean training time) 0.385093
10,2,DNF,[71, 71],4,0,0.328360,0.937500
10,2,DNF,[71, 71],4,1,0.338456,0.937500
10,2,DNF,[71, 71],4,2,0.356534,0.875000
10,2,DNF,[71, 71],4,3,0.371541,0.906250
10,2,DNF,[71, 71],4,4,0.313267,0.937500
10,2,DNF,[71, 71],4,5,0.370113,0.937500
10,2,DNF,[71, 72],4,6,0.572473,0.806452
10,2,DNF,[71, 72],4,7,0.374130,0.838710
10,2,DNF,[71, 72],4,8,0.362603,0.935484
10,2,DNF,[71, 72],4,9,0.294060,0.935484
---> Chosen: (10, 2, 'DNF', [71, 71], 4, 0), (mean val acc cv) 0.904738, (test acc holdout) 0.914286, (mean training time) 0.368154
10,2,DNF,[142, 142],2,0,0.386051,0.937500
10,2,DNF,[142, 142],2,1,0.416737,0.875000
10,2,DNF,[142, 142],2,2,0.268899,0.968750
10,2,DNF,[142, 142],2,3,0.433361,0.937500
10,2,DNF,[142, 142],2,4,0.282213,0.937500
10,2,DNF,[142, 142],2,5,0.518481,0.937500
10,2,DNF,[142, 143],2,6,0.398837,0.935484
10,2,DNF,[142, 143],2,7,0.257129,0.870968
10,2,DNF,[142, 143],2,8,0.406637,0.903226
10,2,DNF,[142, 143],2,9,0.331356,0.935484
---> Chosen: (10, 2, 'DNF', [142, 142], 2, 2), (mean val acc cv) 0.923891, (test acc holdout) 0.942857, (mean training time) 0.369970
10,3,CNF,[8, 9],35,0,0.942086,0.562500
10,3,CNF,[8, 9],35,1,1.054870,0.812500
10,3,CNF,[8, 9],35,2,1.076045,0.718750
10,3,CNF,[8, 9],35,3,1.020558,0.812500
10,3,CNF,[8, 9],35,4,1.034868,0.656250
10,3,CNF,[8, 9],35,5,1.066417,0.750000
10,3,CNF,[8, 9],35,6,1.054414,0.903226
10,3,CNF,[8, 9],35,7,0.989974,0.935484
10,3,CNF,[8, 9],35,8,1.026216,0.709677
10,3,CNF,[8, 9],35,9,1.028862,0.903226
---> Chosen: (10, 3, 'CNF', [8, 9], 35, 7), (mean val acc cv) 0.776411, (test acc holdout) 0.771429, (mean training time) 1.029431
10,3,CNF,[16, 17],17,0,0.583091,0.937500
10,3,CNF,[16, 17],17,1,0.678956,0.875000
10,3,CNF,[16, 17],17,2,0.627960,0.750000
10,3,CNF,[16, 17],17,3,0.626424,0.812500
10,3,CNF,[16, 17],17,4,0.619000,0.718750
10,3,CNF,[16, 17],17,5,0.624192,0.812500
10,3,CNF,[16, 17],17,6,0.652828,0.774194
10,3,CNF,[16, 17],17,7,0.610018,0.838710
10,3,CNF,[16, 17],17,8,0.646696,0.870968
10,3,CNF,[16, 17],17,9,0.620786,0.741935
---> Chosen: (10, 3, 'CNF', [16, 17], 17, 0), (mean val acc cv) 0.813206, (test acc holdout) 0.942857, (mean training time) 0.628995
10,3,CNF,[35, 36],8,0,0.396584,0.843750
10,3,CNF,[35, 36],8,1,0.435493,0.750000
10,3,CNF,[35, 36],8,2,0.435891,0.781250
10,3,CNF,[35, 36],8,3,0.408946,0.843750
10,3,CNF,[35, 36],8,4,0.609652,0.781250
10,3,CNF,[35, 36],8,5,0.414536,0.937500
10,3,CNF,[35, 36],8,6,0.471556,0.838710
10,3,CNF,[35, 36],8,7,0.427444,0.870968
10,3,CNF,[35, 36],8,8,0.444965,0.548387
10,3,CNF,[35, 36],8,9,0.421747,0.903226
---> Chosen: (10, 3, 'CNF', [35, 36], 8, 5), (mean val acc cv) 0.809879, (test acc holdout) 0.885714, (mean training time) 0.446681
10,3,CNF,[71, 71],4,0,1.196445,0.843750
10,3,CNF,[71, 71],4,1,0.874683,0.750000
10,3,CNF,[71, 71],4,2,0.796163,0.718750
10,3,CNF,[71, 71],4,3,0.631049,0.812500
10,3,CNF,[71, 71],4,4,0.803435,0.875000
10,3,CNF,[71, 71],4,5,0.717189,0.750000
10,3,CNF,[71, 72],4,6,1.459217,0.838710
10,3,CNF,[71, 72],4,7,2.908469,0.903226
10,3,CNF,[71, 72],4,8,1.932437,0.838710
10,3,CNF,[71, 72],4,9,1.066748,0.870968
---> Chosen: (10, 3, 'CNF', [71, 72], 4, 7), (mean val acc cv) 0.820161, (test acc holdout) 0.800000, (mean training time) 1.238583
10,3,CNF,[142, 142],2,0,43.863043,0.906250
10,3,CNF,[142, 142],2,1,85.952237,0.843750
10,3,CNF,[142, 142],2,2,28.551744,0.843750
10,3,CNF,[142, 142],2,3,129.448299,0.937500
10,3,CNF,[142, 142],2,4,23.114434,0.937500
10,3,CNF,[142, 142],2,5,51.752433,0.906250
10,3,CNF,[142, 143],2,6,147.051541,0.741935
10,3,CNF,[142, 143],2,7,65.643400,0.774194
10,3,CNF,[142, 143],2,8,73.897459,0.838710
10,3,CNF,[142, 143],2,9,127.435183,0.838710
---> Chosen: (10, 3, 'CNF', [142, 142], 2, 3), (mean val acc cv) 0.856855, (test acc holdout) 0.942857, (mean training time) 77.670977
10,3,DNF,[8, 9],35,0,1.047764,0.968750
10,3,DNF,[8, 9],35,1,1.042525,0.906250
10,3,DNF,[8, 9],35,2,0.996515,0.875000
10,3,DNF,[8, 9],35,3,1.026234,0.812500
10,3,DNF,[8, 9],35,4,1.028108,0.968750
10,3,DNF,[8, 9],35,5,1.039444,0.906250
10,3,DNF,[8, 9],35,6,1.062110,0.870968
10,3,DNF,[8, 9],35,7,1.050616,0.838710
10,3,DNF,[8, 9],35,8,1.066569,0.838710
10,3,DNF,[8, 9],35,9,0.999703,0.935484
---> Chosen: (10, 3, 'DNF', [8, 9], 35, 0), (mean val acc cv) 0.892137, (test acc holdout) 0.914286, (mean training time) 1.035959
10,3,DNF,[16, 17],17,0,0.599945,0.968750
10,3,DNF,[16, 17],17,1,0.629640,0.843750
10,3,DNF,[16, 17],17,2,0.629986,0.875000
10,3,DNF,[16, 17],17,3,0.665374,0.687500
10,3,DNF,[16, 17],17,4,0.638497,0.906250
10,3,DNF,[16, 17],17,5,0.619918,0.750000
10,3,DNF,[16, 17],17,6,0.682694,0.903226
10,3,DNF,[16, 17],17,7,0.619410,0.870968
10,3,DNF,[16, 17],17,8,0.647211,0.709677
10,3,DNF,[16, 17],17,9,0.652253,0.903226
---> Chosen: (10, 3, 'DNF', [16, 17], 17, 0), (mean val acc cv) 0.841835, (test acc holdout) 0.914286, (mean training time) 0.638493
10,3,DNF,[35, 36],8,0,0.483124,0.875000
10,3,DNF,[35, 36],8,1,0.501715,0.843750
10,3,DNF,[35, 36],8,2,0.594861,0.875000
10,3,DNF,[35, 36],8,3,0.489484,0.843750
10,3,DNF,[35, 36],8,4,0.481070,0.875000
10,3,DNF,[35, 36],8,5,0.522794,0.812500
10,3,DNF,[35, 36],8,6,0.510632,0.903226
10,3,DNF,[35, 36],8,7,0.442883,0.806452
10,3,DNF,[35, 36],8,8,0.465394,0.903226
10,3,DNF,[35, 36],8,9,0.470810,0.838710
---> Chosen: (10, 3, 'DNF', [35, 36], 8, 6), (mean val acc cv) 0.857661, (test acc holdout) 0.914286, (mean training time) 0.496277
10,3,DNF,[71, 71],4,0,1.161112,0.781250
10,3,DNF,[71, 71],4,1,1.986232,0.875000
10,3,DNF,[71, 71],4,2,0.498693,0.875000
10,3,DNF,[71, 71],4,3,0.495767,0.812500
10,3,DNF,[71, 71],4,4,1.258847,0.875000
10,3,DNF,[71, 71],4,5,1.388058,0.812500
10,3,DNF,[71, 72],4,6,0.959724,0.935484
10,3,DNF,[71, 72],4,7,1.819002,0.774194
10,3,DNF,[71, 72],4,8,0.483422,0.838710
10,3,DNF,[71, 72],4,9,2.053232,0.870968
---> Chosen: (10, 3, 'DNF', [71, 72], 4, 6), (mean val acc cv) 0.845060, (test acc holdout) 0.828571, (mean training time) 1.210409
10,3,DNF,[142, 142],2,0,0.465863,0.937500
10,3,DNF,[142, 142],2,1,28.382574,0.875000
10,3,DNF,[142, 142],2,2,0.740838,0.812500
10,3,DNF,[142, 142],2,3,9.120991,0.812500
10,3,DNF,[142, 142],2,4,8.244488,0.906250
10,3,DNF,[142, 142],2,5,18.087191,0.906250
10,3,DNF,[142, 143],2,6,6.403648,0.935484
10,3,DNF,[142, 143],2,7,4.606198,0.806452
10,3,DNF,[142, 143],2,8,134.814868,0.838710
10,3,DNF,[142, 143],2,9,9.077783,0.903226
---> Chosen: (10, 3, 'DNF', [142, 142], 2, 0), (mean val acc cv) 0.873387, (test acc holdout) 0.885714, (mean training time) 21.994444
------------------
HOLDOUT 8
size training + validation: (316, 34)
size testing: (35, 34)
max_test_acc_holdout: 0.971429
chosen_params: ['10', '1', 'DNF', '[142, 142]', '2', '3']
chosen_mean_val_acc: 0.923790
chosen_training_time: 0.183851
chosen_model_rule:
[X2 >= 0.183270 AND X4 >= 0.041440 AND X5 >= -0.747290 AND X7 >= -0.983575 AND X9 >= -0.572990 AND X13 >= -0.549035 AND X15 < 0.968410]
