lamda, n_clause, rule_type, partition_size, n_partitions, id_cv, training_time, accuracy
5,1,CNF,[8, 9],35,0,0.897056,0.906250
5,1,CNF,[8, 9],35,1,0.784152,0.906250
5,1,CNF,[8, 9],35,2,0.846695,0.718750
5,1,CNF,[8, 9],35,3,0.772652,0.500000
5,1,CNF,[8, 9],35,4,0.766728,0.781250
5,1,CNF,[8, 9],35,5,0.907089,0.718750
5,1,CNF,[8, 9],35,6,0.789170,0.741935
5,1,CNF,[8, 9],35,7,0.787432,0.709677
5,1,CNF,[8, 9],35,8,0.911535,0.483871
5,1,CNF,[8, 9],35,9,0.841717,0.677419
---> Chosen: (5, 1, 'CNF', [8, 9], 35, 0), (mean val acc cv) 0.714415, (test acc holdout) 0.800000, (mean training time) 0.830423
5,1,CNF,[16, 17],17,0,0.481148,0.656250
5,1,CNF,[16, 17],17,1,0.555104,0.687500
5,1,CNF,[16, 17],17,2,0.488507,0.781250
5,1,CNF,[16, 17],17,3,0.465454,0.812500
5,1,CNF,[16, 17],17,4,0.443173,0.781250
5,1,CNF,[16, 17],17,5,0.572287,0.531250
5,1,CNF,[16, 17],17,6,0.456534,0.806452
5,1,CNF,[16, 17],17,7,0.478751,0.774194
5,1,CNF,[16, 17],17,8,0.490528,0.838710
5,1,CNF,[16, 17],17,9,0.475722,0.709677
---> Chosen: (5, 1, 'CNF', [16, 17], 17, 8), (mean val acc cv) 0.737903, (test acc holdout) 0.800000, (mean training time) 0.490721
5,1,CNF,[35, 36],8,0,0.390885,0.625000
5,1,CNF,[35, 36],8,1,0.342104,0.812500
5,1,CNF,[35, 36],8,2,0.326520,0.687500
5,1,CNF,[35, 36],8,3,0.291345,0.718750
5,1,CNF,[35, 36],8,4,0.293258,0.718750
5,1,CNF,[35, 36],8,5,0.278389,0.718750
5,1,CNF,[35, 36],8,6,0.278812,0.677419
5,1,CNF,[35, 36],8,7,0.314585,0.709677
5,1,CNF,[35, 36],8,8,0.381891,0.870968
5,1,CNF,[35, 36],8,9,0.309125,0.612903
---> Chosen: (5, 1, 'CNF', [35, 36], 8, 8), (mean val acc cv) 0.715222, (test acc holdout) 0.857143, (mean training time) 0.320691
5,1,CNF,[71, 71],4,0,0.227258,0.718750
5,1,CNF,[71, 71],4,1,0.263383,0.843750
5,1,CNF,[71, 71],4,2,0.223255,0.687500
5,1,CNF,[71, 71],4,3,0.273826,0.781250
5,1,CNF,[71, 71],4,4,0.211834,0.718750
5,1,CNF,[71, 71],4,5,0.257330,0.718750
5,1,CNF,[71, 72],4,6,0.257976,0.806452
5,1,CNF,[71, 72],4,7,0.257099,0.709677
5,1,CNF,[71, 72],4,8,0.298278,0.806452
5,1,CNF,[71, 72],4,9,0.359648,0.774194
---> Chosen: (5, 1, 'CNF', [71, 71], 4, 1), (mean val acc cv) 0.756552, (test acc holdout) 0.828571, (mean training time) 0.262989
5,1,CNF,[142, 142],2,0,0.408914,0.843750
5,1,CNF,[142, 142],2,1,0.564813,0.843750
5,1,CNF,[142, 142],2,2,0.388075,0.812500
5,1,CNF,[142, 142],2,3,0.640694,0.781250
5,1,CNF,[142, 142],2,4,0.296604,0.812500
5,1,CNF,[142, 142],2,5,0.255066,0.718750
5,1,CNF,[142, 143],2,6,0.301524,0.806452
5,1,CNF,[142, 143],2,7,0.434738,0.774194
5,1,CNF,[142, 143],2,8,0.390292,0.806452
5,1,CNF,[142, 143],2,9,0.651775,0.838710
---> Chosen: (5, 1, 'CNF', [142, 142], 2, 0), (mean val acc cv) 0.803831, (test acc holdout) 0.742857, (mean training time) 0.433249
5,1,DNF,[8, 9],35,0,0.859549,0.937500
5,1,DNF,[8, 9],35,1,0.856881,0.875000
5,1,DNF,[8, 9],35,2,0.875670,0.781250
5,1,DNF,[8, 9],35,3,0.856284,0.968750
5,1,DNF,[8, 9],35,4,0.849929,0.906250
5,1,DNF,[8, 9],35,5,0.870410,0.937500
5,1,DNF,[8, 9],35,6,0.856059,0.903226
5,1,DNF,[8, 9],35,7,0.881065,0.903226
5,1,DNF,[8, 9],35,8,0.928668,0.967742
5,1,DNF,[8, 9],35,9,0.906276,0.774194
---> Chosen: (5, 1, 'DNF', [8, 9], 35, 3), (mean val acc cv) 0.895464, (test acc holdout) 0.971429, (mean training time) 0.874079
5,1,DNF,[16, 17],17,0,0.549003,0.843750
5,1,DNF,[16, 17],17,1,0.520265,0.937500
5,1,DNF,[16, 17],17,2,0.503274,0.843750
5,1,DNF,[16, 17],17,3,0.495775,0.875000
5,1,DNF,[16, 17],17,4,0.473343,0.906250
5,1,DNF,[16, 17],17,5,0.500518,0.906250
5,1,DNF,[16, 17],17,6,0.480137,0.903226
5,1,DNF,[16, 17],17,7,0.469200,0.903226
5,1,DNF,[16, 17],17,8,0.483387,0.967742
5,1,DNF,[16, 17],17,9,0.511691,0.677419
---> Chosen: (5, 1, 'DNF', [16, 17], 17, 8), (mean val acc cv) 0.876411, (test acc holdout) 0.971429, (mean training time) 0.498659
5,1,DNF,[35, 36],8,0,0.287805,0.937500
5,1,DNF,[35, 36],8,1,0.325335,0.968750
5,1,DNF,[35, 36],8,2,0.295226,0.843750
5,1,DNF,[35, 36],8,3,0.307735,0.937500
5,1,DNF,[35, 36],8,4,0.301393,0.875000
5,1,DNF,[35, 36],8,5,0.293307,0.906250
5,1,DNF,[35, 36],8,6,0.303186,0.935484
5,1,DNF,[35, 36],8,7,0.352151,0.967742
5,1,DNF,[35, 36],8,8,0.300384,0.967742
5,1,DNF,[35, 36],8,9,0.303946,0.903226
---> Chosen: (5, 1, 'DNF', [35, 36], 8, 1), (mean val acc cv) 0.924294, (test acc holdout) 0.971429, (mean training time) 0.307047
5,1,DNF,[71, 71],4,0,0.218242,0.937500
5,1,DNF,[71, 71],4,1,0.242619,1.000000
5,1,DNF,[71, 71],4,2,0.231138,0.843750
5,1,DNF,[71, 71],4,3,0.213583,0.968750
5,1,DNF,[71, 71],4,4,0.197011,0.875000
5,1,DNF,[71, 71],4,5,0.205991,0.906250
5,1,DNF,[71, 72],4,6,0.213879,0.903226
5,1,DNF,[71, 72],4,7,0.204013,0.903226
5,1,DNF,[71, 72],4,8,0.229430,0.903226
5,1,DNF,[71, 72],4,9,0.248493,0.903226
---> Chosen: (5, 1, 'DNF', [71, 71], 4, 1), (mean val acc cv) 0.914415, (test acc holdout) 0.942857, (mean training time) 0.220440
5,1,DNF,[142, 142],2,0,0.170903,0.937500
5,1,DNF,[142, 142],2,1,0.171046,0.968750
5,1,DNF,[142, 142],2,2,0.169460,0.843750
5,1,DNF,[142, 142],2,3,0.179695,0.968750
5,1,DNF,[142, 142],2,4,0.152412,0.875000
5,1,DNF,[142, 142],2,5,0.168633,0.937500
5,1,DNF,[142, 143],2,6,0.170296,0.903226
5,1,DNF,[142, 143],2,7,0.165279,0.967742
5,1,DNF,[142, 143],2,8,0.163548,0.967742
5,1,DNF,[142, 143],2,9,0.186928,0.935484
---> Chosen: (5, 1, 'DNF', [142, 142], 2, 1), (mean val acc cv) 0.930544, (test acc holdout) 1.000000, (mean training time) 0.169820
5,2,CNF,[8, 9],35,0,0.928463,0.718750
5,2,CNF,[8, 9],35,1,0.912421,0.843750
5,2,CNF,[8, 9],35,2,0.935013,0.812500
5,2,CNF,[8, 9],35,3,0.916763,0.812500
5,2,CNF,[8, 9],35,4,0.908859,0.625000
5,2,CNF,[8, 9],35,5,0.938011,0.812500
5,2,CNF,[8, 9],35,6,0.974513,0.806452
5,2,CNF,[8, 9],35,7,0.939086,0.838710
5,2,CNF,[8, 9],35,8,0.967796,0.806452
5,2,CNF,[8, 9],35,9,1.012949,0.838710
---> Chosen: (5, 2, 'CNF', [8, 9], 35, 1), (mean val acc cv) 0.791532, (test acc holdout) 0.828571, (mean training time) 0.943387
5,2,CNF,[16, 17],17,0,0.579882,0.593750
5,2,CNF,[16, 17],17,1,0.588582,0.937500
5,2,CNF,[16, 17],17,2,0.561554,0.750000
5,2,CNF,[16, 17],17,3,0.570718,0.843750
5,2,CNF,[16, 17],17,4,0.510019,0.500000
5,2,CNF,[16, 17],17,5,0.515742,0.781250
5,2,CNF,[16, 17],17,6,0.532191,0.806452
5,2,CNF,[16, 17],17,7,0.516691,0.806452
5,2,CNF,[16, 17],17,8,0.547329,0.709677
5,2,CNF,[16, 17],17,9,0.549980,0.741935
---> Chosen: (5, 2, 'CNF', [16, 17], 17, 1), (mean val acc cv) 0.747077, (test acc holdout) 0.942857, (mean training time) 0.547269
5,2,CNF,[35, 36],8,0,0.377107,0.906250
5,2,CNF,[35, 36],8,1,0.421125,0.843750
5,2,CNF,[35, 36],8,2,0.369173,0.687500
5,2,CNF,[35, 36],8,3,0.388041,0.875000
5,2,CNF,[35, 36],8,4,0.365728,0.718750
5,2,CNF,[35, 36],8,5,0.349229,0.906250
5,2,CNF,[35, 36],8,6,0.379102,0.838710
5,2,CNF,[35, 36],8,7,0.359988,0.645161
5,2,CNF,[35, 36],8,8,0.382807,0.774194
5,2,CNF,[35, 36],8,9,0.364926,0.774194
---> Chosen: (5, 2, 'CNF', [35, 36], 8, 0), (mean val acc cv) 0.796976, (test acc holdout) 0.857143, (mean training time) 0.375723
5,2,CNF,[71, 71],4,0,1.086938,0.843750
5,2,CNF,[71, 71],4,1,1.384516,0.843750
5,2,CNF,[71, 71],4,2,1.477006,0.843750
5,2,CNF,[71, 71],4,3,0.678756,0.843750
5,2,CNF,[71, 71],4,4,0.451542,0.812500
5,2,CNF,[71, 71],4,5,0.643426,0.875000
5,2,CNF,[71, 72],4,6,0.687468,0.838710
5,2,CNF,[71, 72],4,7,0.424440,0.870968
5,2,CNF,[71, 72],4,8,0.649415,0.935484
5,2,CNF,[71, 72],4,9,1.901953,0.709677
---> Chosen: (5, 2, 'CNF', [71, 72], 4, 8), (mean val acc cv) 0.841734, (test acc holdout) 0.828571, (mean training time) 0.938546
5,2,CNF,[142, 142],2,0,12.687787,0.937500
5,2,CNF,[142, 142],2,1,10.536486,0.937500
5,2,CNF,[142, 142],2,2,7.877703,0.812500
5,2,CNF,[142, 142],2,3,8.543118,0.843750
5,2,CNF,[142, 142],2,4,3.816767,0.781250
5,2,CNF,[142, 142],2,5,3.281339,0.937500
5,2,CNF,[142, 143],2,6,7.531343,0.870968
5,2,CNF,[142, 143],2,7,8.041126,0.741935
5,2,CNF,[142, 143],2,8,6.640857,0.838710
5,2,CNF,[142, 143],2,9,12.743801,0.774194
---> Chosen: (5, 2, 'CNF', [142, 142], 2, 0), (mean val acc cv) 0.847581, (test acc holdout) 0.885714, (mean training time) 8.170033
5,2,DNF,[8, 9],35,0,0.869837,0.968750
5,2,DNF,[8, 9],35,1,0.920646,0.968750
5,2,DNF,[8, 9],35,2,0.903030,0.781250
5,2,DNF,[8, 9],35,3,0.918486,0.906250
5,2,DNF,[8, 9],35,4,0.869020,0.843750
5,2,DNF,[8, 9],35,5,0.893546,0.906250
5,2,DNF,[8, 9],35,6,0.911618,0.903226
5,2,DNF,[8, 9],35,7,0.857954,0.967742
5,2,DNF,[8, 9],35,8,0.873475,0.967742
5,2,DNF,[8, 9],35,9,0.935154,0.741935
---> Chosen: (5, 2, 'DNF', [8, 9], 35, 0), (mean val acc cv) 0.895565, (test acc holdout) 0.971429, (mean training time) 0.895277
5,2,DNF,[16, 17],17,0,0.516844,0.968750
5,2,DNF,[16, 17],17,1,0.521982,1.000000
5,2,DNF,[16, 17],17,2,0.507298,0.812500
5,2,DNF,[16, 17],17,3,0.529697,0.937500
5,2,DNF,[16, 17],17,4,0.499204,0.906250
5,2,DNF,[16, 17],17,5,0.509582,0.906250
5,2,DNF,[16, 17],17,6,0.504349,0.903226
5,2,DNF,[16, 17],17,7,0.501740,0.903226
5,2,DNF,[16, 17],17,8,0.512670,0.838710
5,2,DNF,[16, 17],17,9,0.525254,0.806452
---> Chosen: (5, 2, 'DNF', [16, 17], 17, 1), (mean val acc cv) 0.898286, (test acc holdout) 1.000000, (mean training time) 0.512862
5,2,DNF,[35, 36],8,0,0.357810,0.875000
5,2,DNF,[35, 36],8,1,0.356729,0.968750
5,2,DNF,[35, 36],8,2,0.334644,0.781250
5,2,DNF,[35, 36],8,3,0.339889,0.937500
5,2,DNF,[35, 36],8,4,0.325733,0.843750
5,2,DNF,[35, 36],8,5,0.339843,0.875000
5,2,DNF,[35, 36],8,6,0.344427,0.838710
5,2,DNF,[35, 36],8,7,0.328843,0.903226
5,2,DNF,[35, 36],8,8,0.359599,0.935484
5,2,DNF,[35, 36],8,9,0.378998,0.838710
---> Chosen: (5, 2, 'DNF', [35, 36], 8, 1), (mean val acc cv) 0.879738, (test acc holdout) 0.914286, (mean training time) 0.346652
5,2,DNF,[71, 71],4,0,0.266758,0.937500
5,2,DNF,[71, 71],4,1,0.325171,1.000000
5,2,DNF,[71, 71],4,2,0.266724,0.781250
5,2,DNF,[71, 71],4,3,0.269655,0.906250
5,2,DNF,[71, 71],4,4,0.317250,0.781250
5,2,DNF,[71, 71],4,5,0.416770,0.843750
5,2,DNF,[71, 72],4,6,0.344993,0.903226
5,2,DNF,[71, 72],4,7,0.269679,0.935484
5,2,DNF,[71, 72],4,8,0.364995,0.967742
5,2,DNF,[71, 72],4,9,0.608528,0.806452
---> Chosen: (5, 2, 'DNF', [71, 71], 4, 1), (mean val acc cv) 0.886290, (test acc holdout) 0.971429, (mean training time) 0.345052
5,2,DNF,[142, 142],2,0,0.796679,0.875000
5,2,DNF,[142, 142],2,1,0.447446,0.968750
5,2,DNF,[142, 142],2,2,0.433260,0.843750
5,2,DNF,[142, 142],2,3,0.702930,0.968750
5,2,DNF,[142, 142],2,4,0.374434,0.906250
5,2,DNF,[142, 142],2,5,0.286388,0.937500
5,2,DNF,[142, 143],2,6,0.466425,0.774194
5,2,DNF,[142, 143],2,7,0.666303,0.903226
5,2,DNF,[142, 143],2,8,0.525940,0.903226
5,2,DNF,[142, 143],2,9,0.787503,0.838710
---> Chosen: (5, 2, 'DNF', [142, 142], 2, 1), (mean val acc cv) 0.891935, (test acc holdout) 0.942857, (mean training time) 0.548731
5,3,CNF,[8, 9],35,0,0.923628,0.718750
5,3,CNF,[8, 9],35,1,0.974527,0.937500
5,3,CNF,[8, 9],35,2,0.917235,0.781250
5,3,CNF,[8, 9],35,3,0.933113,0.781250
5,3,CNF,[8, 9],35,4,0.885233,0.750000
5,3,CNF,[8, 9],35,5,0.930285,0.968750
5,3,CNF,[8, 9],35,6,0.922367,0.838710
5,3,CNF,[8, 9],35,7,0.918515,0.774194
5,3,CNF,[8, 9],35,8,0.948332,0.774194
5,3,CNF,[8, 9],35,9,1.014832,0.870968
---> Chosen: (5, 3, 'CNF', [8, 9], 35, 5), (mean val acc cv) 0.819556, (test acc holdout) 0.857143, (mean training time) 0.936807
5,3,CNF,[16, 17],17,0,0.546142,0.875000
5,3,CNF,[16, 17],17,1,0.569705,0.687500
5,3,CNF,[16, 17],17,2,0.556383,0.687500
5,3,CNF,[16, 17],17,3,0.602465,0.781250
5,3,CNF,[16, 17],17,4,0.515115,0.812500
5,3,CNF,[16, 17],17,5,0.547137,0.906250
5,3,CNF,[16, 17],17,6,0.598714,0.870968
5,3,CNF,[16, 17],17,7,0.538197,0.709677
5,3,CNF,[16, 17],17,8,0.549871,0.838710
5,3,CNF,[16, 17],17,9,0.575349,0.741935
---> Chosen: (5, 3, 'CNF', [16, 17], 17, 5), (mean val acc cv) 0.791129, (test acc holdout) 0.857143, (mean training time) 0.559908
5,3,CNF,[35, 36],8,0,0.397790,0.843750
5,3,CNF,[35, 36],8,1,0.409339,1.000000
5,3,CNF,[35, 36],8,2,0.386344,0.781250
5,3,CNF,[35, 36],8,3,0.506294,0.875000
5,3,CNF,[35, 36],8,4,0.344980,0.750000
5,3,CNF,[35, 36],8,5,0.416616,0.781250
5,3,CNF,[35, 36],8,6,0.371648,0.774194
5,3,CNF,[35, 36],8,7,0.369055,0.806452
5,3,CNF,[35, 36],8,8,0.485005,0.903226
5,3,CNF,[35, 36],8,9,0.471471,0.741935
---> Chosen: (5, 3, 'CNF', [35, 36], 8, 1), (mean val acc cv) 0.825706, (test acc holdout) 0.914286, (mean training time) 0.415854
5,3,CNF,[71, 71],4,0,1.284928,0.843750
5,3,CNF,[71, 71],4,1,0.995132,0.812500
5,3,CNF,[71, 71],4,2,0.579047,0.687500
5,3,CNF,[71, 71],4,3,0.546922,0.750000
5,3,CNF,[71, 71],4,4,0.639473,0.875000
5,3,CNF,[71, 71],4,5,0.831023,0.750000
5,3,CNF,[71, 72],4,6,0.615748,0.774194
5,3,CNF,[71, 72],4,7,2.437864,0.774194
5,3,CNF,[71, 72],4,8,1.800846,0.903226
5,3,CNF,[71, 72],4,9,1.304116,0.870968
---> Chosen: (5, 3, 'CNF', [71, 72], 4, 8), (mean val acc cv) 0.804133, (test acc holdout) 0.800000, (mean training time) 1.103510
5,3,CNF,[142, 142],2,0,50.346200,0.781250
5,3,CNF,[142, 142],2,1,31.258288,0.875000
5,3,CNF,[142, 142],2,2,17.502375,0.812500
5,3,CNF,[142, 142],2,3,14.693116,0.937500
5,3,CNF,[142, 142],2,4,9.509692,0.843750
5,3,CNF,[142, 142],2,5,13.375082,0.843750
5,3,CNF,[142, 143],2,6,33.537473,0.838710
5,3,CNF,[142, 143],2,7,8.366567,0.806452
5,3,CNF,[142, 143],2,8,13.082548,0.967742
5,3,CNF,[142, 143],2,9,80.050507,0.838710
---> Chosen: (5, 3, 'CNF', [142, 143], 2, 8), (mean val acc cv) 0.854536, (test acc holdout) 0.857143, (mean training time) 27.172185
5,3,DNF,[8, 9],35,0,0.995792,0.718750
5,3,DNF,[8, 9],35,1,1.019256,1.000000
5,3,DNF,[8, 9],35,2,0.985332,0.781250
5,3,DNF,[8, 9],35,3,1.014397,0.906250
5,3,DNF,[8, 9],35,4,0.869657,0.906250
5,3,DNF,[8, 9],35,5,0.938792,0.937500
5,3,DNF,[8, 9],35,6,0.991951,0.838710
5,3,DNF,[8, 9],35,7,0.910449,0.806452
5,3,DNF,[8, 9],35,8,0.932134,0.903226
5,3,DNF,[8, 9],35,9,1.018009,0.806452
---> Chosen: (5, 3, 'DNF', [8, 9], 35, 1), (mean val acc cv) 0.860484, (test acc holdout) 0.971429, (mean training time) 0.967577
5,3,DNF,[16, 17],17,0,0.532154,0.812500
5,3,DNF,[16, 17],17,1,0.601229,0.968750
5,3,DNF,[16, 17],17,2,0.603056,0.750000
5,3,DNF,[16, 17],17,3,0.648595,0.968750
5,3,DNF,[16, 17],17,4,0.548207,0.781250
5,3,DNF,[16, 17],17,5,0.595548,0.937500
5,3,DNF,[16, 17],17,6,0.597954,0.838710
5,3,DNF,[16, 17],17,7,0.598675,0.709677
5,3,DNF,[16, 17],17,8,0.575084,0.903226
5,3,DNF,[16, 17],17,9,0.581263,0.806452
---> Chosen: (5, 3, 'DNF', [16, 17], 17, 1), (mean val acc cv) 0.847681, (test acc holdout) 0.971429, (mean training time) 0.588176
5,3,DNF,[35, 36],8,0,0.449136,0.906250
5,3,DNF,[35, 36],8,1,0.424023,1.000000
5,3,DNF,[35, 36],8,2,0.555168,0.812500
5,3,DNF,[35, 36],8,3,0.489266,0.937500
5,3,DNF,[35, 36],8,4,0.500235,0.906250
5,3,DNF,[35, 36],8,5,0.430266,0.781250
5,3,DNF,[35, 36],8,6,0.475114,0.870968
5,3,DNF,[35, 36],8,7,0.393902,0.838710
5,3,DNF,[35, 36],8,8,0.462245,0.935484
5,3,DNF,[35, 36],8,9,0.451006,0.709677
---> Chosen: (5, 3, 'DNF', [35, 36], 8, 1), (mean val acc cv) 0.869859, (test acc holdout) 0.885714, (mean training time) 0.463036
5,3,DNF,[71, 71],4,0,3.329697,0.937500
5,3,DNF,[71, 71],4,1,1.637778,0.937500
5,3,DNF,[71, 71],4,2,0.634031,0.843750
5,3,DNF,[71, 71],4,3,1.091241,0.906250
5,3,DNF,[71, 71],4,4,0.376425,0.812500
5,3,DNF,[71, 71],4,5,0.809148,0.937500
5,3,DNF,[71, 72],4,6,0.732070,0.903226
5,3,DNF,[71, 72],4,7,0.328151,0.903226
5,3,DNF,[71, 72],4,8,1.005490,0.870968
5,3,DNF,[71, 72],4,9,0.623080,0.870968
---> Chosen: (5, 3, 'DNF', [71, 71], 4, 0), (mean val acc cv) 0.892339, (test acc holdout) 0.857143, (mean training time) 1.056711
5,3,DNF,[142, 142],2,0,18.244957,0.937500
5,3,DNF,[142, 142],2,1,5.757395,0.875000
5,3,DNF,[142, 142],2,2,7.503175,0.812500
5,3,DNF,[142, 142],2,3,4.897809,0.968750
5,3,DNF,[142, 142],2,4,28.053773,0.875000
5,3,DNF,[142, 142],2,5,0.755635,0.937500
5,3,DNF,[142, 143],2,6,4.253374,0.935484
5,3,DNF,[142, 143],2,7,6.910244,0.903226
5,3,DNF,[142, 143],2,8,1.046994,0.838710
5,3,DNF,[142, 143],2,9,29.790607,0.741935
---> Chosen: (5, 3, 'DNF', [142, 142], 2, 3), (mean val acc cv) 0.882560, (test acc holdout) 0.885714, (mean training time) 10.721396
10,1,CNF,[8, 9],35,0,0.782858,0.875000
10,1,CNF,[8, 9],35,1,0.858609,0.781250
10,1,CNF,[8, 9],35,2,0.829448,0.718750
10,1,CNF,[8, 9],35,3,0.825842,0.781250
10,1,CNF,[8, 9],35,4,0.844129,0.593750
10,1,CNF,[8, 9],35,5,0.843399,0.593750
10,1,CNF,[8, 9],35,6,0.782752,0.580645
10,1,CNF,[8, 9],35,7,0.767666,0.774194
10,1,CNF,[8, 9],35,8,0.840542,0.645161
10,1,CNF,[8, 9],35,9,0.840482,0.677419
---> Chosen: (10, 1, 'CNF', [8, 9], 35, 0), (mean val acc cv) 0.702117, (test acc holdout) 0.800000, (mean training time) 0.821573
10,1,CNF,[16, 17],17,0,0.461440,0.687500
10,1,CNF,[16, 17],17,1,0.492633,0.843750
10,1,CNF,[16, 17],17,2,0.455571,0.843750
10,1,CNF,[16, 17],17,3,0.464021,0.718750
10,1,CNF,[16, 17],17,4,0.456500,0.656250
10,1,CNF,[16, 17],17,5,0.471883,0.718750
10,1,CNF,[16, 17],17,6,0.477641,0.838710
10,1,CNF,[16, 17],17,7,0.482630,0.806452
10,1,CNF,[16, 17],17,8,0.484685,0.709677
10,1,CNF,[16, 17],17,9,0.481904,0.741935
---> Chosen: (10, 1, 'CNF', [16, 17], 17, 1), (mean val acc cv) 0.756552, (test acc holdout) 0.742857, (mean training time) 0.472891
10,1,CNF,[35, 36],8,0,0.321573,0.718750
10,1,CNF,[35, 36],8,1,0.309462,0.906250
10,1,CNF,[35, 36],8,2,0.279777,0.781250
10,1,CNF,[35, 36],8,3,0.283209,0.781250
10,1,CNF,[35, 36],8,4,0.268854,0.843750
10,1,CNF,[35, 36],8,5,0.296583,0.750000
10,1,CNF,[35, 36],8,6,0.323375,0.741935
10,1,CNF,[35, 36],8,7,0.283806,0.741935
10,1,CNF,[35, 36],8,8,0.290355,0.870968
10,1,CNF,[35, 36],8,9,0.310046,0.612903
---> Chosen: (10, 1, 'CNF', [35, 36], 8, 1), (mean val acc cv) 0.774899, (test acc holdout) 0.742857, (mean training time) 0.296704
10,1,CNF,[71, 71],4,0,0.247996,0.687500
10,1,CNF,[71, 71],4,1,0.245063,0.906250
10,1,CNF,[71, 71],4,2,0.227759,0.687500
10,1,CNF,[71, 71],4,3,0.241843,0.750000
10,1,CNF,[71, 71],4,4,0.221401,0.781250
10,1,CNF,[71, 71],4,5,0.237229,0.781250
10,1,CNF,[71, 72],4,6,0.251632,0.741935
10,1,CNF,[71, 72],4,7,0.249326,0.741935
10,1,CNF,[71, 72],4,8,0.240396,0.838710
10,1,CNF,[71, 72],4,9,0.256443,0.709677
---> Chosen: (10, 1, 'CNF', [71, 71], 4, 1), (mean val acc cv) 0.762601, (test acc holdout) 0.857143, (mean training time) 0.241909
10,1,CNF,[142, 142],2,0,0.352580,0.843750
10,1,CNF,[142, 142],2,1,0.705086,0.812500
10,1,CNF,[142, 142],2,2,0.282260,0.687500
10,1,CNF,[142, 142],2,3,0.452650,0.750000
10,1,CNF,[142, 142],2,4,0.381775,0.812500
10,1,CNF,[142, 142],2,5,0.320172,0.843750
10,1,CNF,[142, 143],2,6,0.373012,0.741935
10,1,CNF,[142, 143],2,7,0.367254,0.741935
10,1,CNF,[142, 143],2,8,0.740969,0.870968
10,1,CNF,[142, 143],2,9,0.698417,0.741935
---> Chosen: (10, 1, 'CNF', [142, 143], 2, 8), (mean val acc cv) 0.784677, (test acc holdout) 0.857143, (mean training time) 0.467417
10,1,DNF,[8, 9],35,0,0.865319,0.937500
10,1,DNF,[8, 9],35,1,0.885854,0.718750
10,1,DNF,[8, 9],35,2,0.896450,0.750000
10,1,DNF,[8, 9],35,3,0.877373,0.937500
10,1,DNF,[8, 9],35,4,0.902846,0.906250
10,1,DNF,[8, 9],35,5,0.853024,0.937500
10,1,DNF,[8, 9],35,6,0.893862,0.838710
10,1,DNF,[8, 9],35,7,0.934785,0.967742
10,1,DNF,[8, 9],35,8,0.878918,0.903226
10,1,DNF,[8, 9],35,9,0.890227,0.903226
---> Chosen: (10, 1, 'DNF', [8, 9], 35, 7), (mean val acc cv) 0.880040, (test acc holdout) 0.971429, (mean training time) 0.887866
10,1,DNF,[16, 17],17,0,0.570829,0.937500
10,1,DNF,[16, 17],17,1,0.513935,0.750000
10,1,DNF,[16, 17],17,2,0.486726,0.843750
10,1,DNF,[16, 17],17,3,0.497227,0.875000
10,1,DNF,[16, 17],17,4,0.597485,0.937500
10,1,DNF,[16, 17],17,5,0.529267,0.937500
10,1,DNF,[16, 17],17,6,0.517282,0.774194
10,1,DNF,[16, 17],17,7,0.517615,0.838710
10,1,DNF,[16, 17],17,8,0.641983,0.935484
10,1,DNF,[16, 17],17,9,0.579342,0.870968
---> Chosen: (10, 1, 'DNF', [16, 17], 17, 0), (mean val acc cv) 0.870060, (test acc holdout) 0.914286, (mean training time) 0.545169
10,1,DNF,[35, 36],8,0,0.317708,0.968750
10,1,DNF,[35, 36],8,1,0.314324,1.000000
10,1,DNF,[35, 36],8,2,0.300362,0.875000
10,1,DNF,[35, 36],8,3,0.314264,0.937500
10,1,DNF,[35, 36],8,4,0.399163,0.906250
10,1,DNF,[35, 36],8,5,0.320180,0.937500
10,1,DNF,[35, 36],8,6,0.314219,0.935484
10,1,DNF,[35, 36],8,7,0.299872,0.903226
10,1,DNF,[35, 36],8,8,0.324875,0.967742
10,1,DNF,[35, 36],8,9,0.323776,0.806452
---> Chosen: (10, 1, 'DNF', [35, 36], 8, 1), (mean val acc cv) 0.923790, (test acc holdout) 0.971429, (mean training time) 0.322874
10,1,DNF,[71, 71],4,0,0.213456,0.937500
10,1,DNF,[71, 71],4,1,0.225649,1.000000
10,1,DNF,[71, 71],4,2,0.324742,0.875000
10,1,DNF,[71, 71],4,3,0.245433,0.968750
10,1,DNF,[71, 71],4,4,0.205834,0.875000
10,1,DNF,[71, 71],4,5,0.205559,0.937500
10,1,DNF,[71, 72],4,6,0.242779,0.935484
10,1,DNF,[71, 72],4,7,0.261015,0.967742
10,1,DNF,[71, 72],4,8,0.211699,0.967742
10,1,DNF,[71, 72],4,9,0.224142,0.806452
---> Chosen: (10, 1, 'DNF', [71, 71], 4, 1), (mean val acc cv) 0.927117, (test acc holdout) 0.971429, (mean training time) 0.236031
10,1,DNF,[142, 142],2,0,0.161881,0.937500
10,1,DNF,[142, 142],2,1,0.269410,0.968750
10,1,DNF,[142, 142],2,2,0.164033,0.875000
10,1,DNF,[142, 142],2,3,0.176567,0.968750
10,1,DNF,[142, 142],2,4,0.155442,0.906250
10,1,DNF,[142, 142],2,5,0.168725,0.937500
10,1,DNF,[142, 143],2,6,0.171402,0.935484
10,1,DNF,[142, 143],2,7,0.165376,0.903226
10,1,DNF,[142, 143],2,8,0.174759,0.967742
10,1,DNF,[142, 143],2,9,0.192724,0.870968
---> Chosen: (10, 1, 'DNF', [142, 142], 2, 1), (mean val acc cv) 0.927117, (test acc holdout) 1.000000, (mean training time) 0.180032
10,2,CNF,[8, 9],35,0,1.029825,0.875000
10,2,CNF,[8, 9],35,1,1.028802,0.687500
10,2,CNF,[8, 9],35,2,0.951370,0.843750
10,2,CNF,[8, 9],35,3,0.992289,0.812500
10,2,CNF,[8, 9],35,4,0.958457,0.562500
10,2,CNF,[8, 9],35,5,1.001421,0.843750
10,2,CNF,[8, 9],35,6,1.023269,0.741935
10,2,CNF,[8, 9],35,7,1.057608,0.677419
10,2,CNF,[8, 9],35,8,0.961624,0.838710
10,2,CNF,[8, 9],35,9,1.058324,0.935484
---> Chosen: (10, 2, 'CNF', [8, 9], 35, 9), (mean val acc cv) 0.781855, (test acc holdout) 0.857143, (mean training time) 1.006299
10,2,CNF,[16, 17],17,0,0.613816,0.781250
10,2,CNF,[16, 17],17,1,0.598612,0.843750
10,2,CNF,[16, 17],17,2,0.600726,0.718750
10,2,CNF,[16, 17],17,3,0.570319,0.843750
10,2,CNF,[16, 17],17,4,0.516215,0.812500
10,2,CNF,[16, 17],17,5,0.563590,0.687500
10,2,CNF,[16, 17],17,6,0.556310,0.709677
10,2,CNF,[16, 17],17,7,0.563416,0.741935
10,2,CNF,[16, 17],17,8,0.564369,0.709677
10,2,CNF,[16, 17],17,9,0.583987,0.741935
---> Chosen: (10, 2, 'CNF', [16, 17], 17, 1), (mean val acc cv) 0.759073, (test acc holdout) 0.628571, (mean training time) 0.573136
10,2,CNF,[35, 36],8,0,0.419040,0.875000
10,2,CNF,[35, 36],8,1,0.383826,0.843750
10,2,CNF,[35, 36],8,2,0.370708,0.812500
10,2,CNF,[35, 36],8,3,0.379858,0.812500
10,2,CNF,[35, 36],8,4,0.345085,0.812500
10,2,CNF,[35, 36],8,5,0.381591,0.843750
10,2,CNF,[35, 36],8,6,0.341793,0.774194
10,2,CNF,[35, 36],8,7,0.338421,0.838710
10,2,CNF,[35, 36],8,8,0.443515,0.806452
10,2,CNF,[35, 36],8,9,0.387900,0.774194
---> Chosen: (10, 2, 'CNF', [35, 36], 8, 0), (mean val acc cv) 0.819355, (test acc holdout) 0.857143, (mean training time) 0.379174
10,2,CNF,[71, 71],4,0,0.768139,1.000000
10,2,CNF,[71, 71],4,1,1.198295,0.937500
10,2,CNF,[71, 71],4,2,0.772955,0.781250
10,2,CNF,[71, 71],4,3,0.782925,0.875000
10,2,CNF,[71, 71],4,4,0.554630,0.718750
10,2,CNF,[71, 71],4,5,0.877686,0.875000
10,2,CNF,[71, 72],4,6,0.872874,0.870968
10,2,CNF,[71, 72],4,7,0.551923,0.903226
10,2,CNF,[71, 72],4,8,0.929473,0.838710
10,2,CNF,[71, 72],4,9,0.489059,0.806452
---> Chosen: (10, 2, 'CNF', [71, 71], 4, 0), (mean val acc cv) 0.860685, (test acc holdout) 0.914286, (mean training time) 0.779796
10,2,CNF,[142, 142],2,0,8.787576,0.968750
10,2,CNF,[142, 142],2,1,8.338830,0.968750
10,2,CNF,[142, 142],2,2,9.342564,0.781250
10,2,CNF,[142, 142],2,3,18.070183,0.843750
10,2,CNF,[142, 142],2,4,6.733895,0.812500
10,2,CNF,[142, 142],2,5,2.950691,0.812500
10,2,CNF,[142, 143],2,6,9.079109,0.838710
10,2,CNF,[142, 143],2,7,7.322904,0.838710
10,2,CNF,[142, 143],2,8,12.576273,0.903226
10,2,CNF,[142, 143],2,9,5.761943,0.677419
---> Chosen: (10, 2, 'CNF', [142, 142], 2, 0), (mean val acc cv) 0.844556, (test acc holdout) 0.942857, (mean training time) 8.896397
10,2,DNF,[8, 9],35,0,0.970567,0.875000
10,2,DNF,[8, 9],35,1,1.003566,1.000000
10,2,DNF,[8, 9],35,2,0.955235,0.875000
10,2,DNF,[8, 9],35,3,1.071976,0.875000
10,2,DNF,[8, 9],35,4,0.959026,0.875000
10,2,DNF,[8, 9],35,5,0.971068,0.843750
10,2,DNF,[8, 9],35,6,1.018794,0.870968
10,2,DNF,[8, 9],35,7,0.991476,0.806452
10,2,DNF,[8, 9],35,8,1.027550,0.935484
10,2,DNF,[8, 9],35,9,1.033900,0.677419
---> Chosen: (10, 2, 'DNF', [8, 9], 35, 1), (mean val acc cv) 0.863407, (test acc holdout) 0.942857, (mean training time) 1.000316
10,2,DNF,[16, 17],17,0,0.627449,0.937500
10,2,DNF,[16, 17],17,1,0.602198,1.000000
10,2,DNF,[16, 17],17,2,0.587618,0.906250
10,2,DNF,[16, 17],17,3,0.628662,0.812500
10,2,DNF,[16, 17],17,4,0.568937,0.875000
10,2,DNF,[16, 17],17,5,0.608277,0.750000
10,2,DNF,[16, 17],17,6,0.614321,0.935484
10,2,DNF,[16, 17],17,7,0.589294,0.935484
10,2,DNF,[16, 17],17,8,0.599593,0.838710
10,2,DNF,[16, 17],17,9,0.601535,0.645161
---> Chosen: (10, 2, 'DNF', [16, 17], 17, 1), (mean val acc cv) 0.863609, (test acc holdout) 0.885714, (mean training time) 0.602788
10,2,DNF,[35, 36],8,0,0.427189,0.843750
10,2,DNF,[35, 36],8,1,0.385867,0.937500
10,2,DNF,[35, 36],8,2,0.386914,0.718750
10,2,DNF,[35, 36],8,3,0.384364,0.937500
10,2,DNF,[35, 36],8,4,0.343871,0.906250
10,2,DNF,[35, 36],8,5,0.420234,0.843750
10,2,DNF,[35, 36],8,6,0.383304,0.967742
10,2,DNF,[35, 36],8,7,0.379815,0.806452
10,2,DNF,[35, 36],8,8,0.386228,0.870968
10,2,DNF,[35, 36],8,9,0.451693,0.774194
---> Chosen: (10, 2, 'DNF', [35, 36], 8, 6), (mean val acc cv) 0.860685, (test acc holdout) 0.885714, (mean training time) 0.394948
10,2,DNF,[71, 71],4,0,0.335955,0.906250
10,2,DNF,[71, 71],4,1,0.453556,0.906250
10,2,DNF,[71, 71],4,2,0.382447,0.875000
10,2,DNF,[71, 71],4,3,0.322899,0.968750
10,2,DNF,[71, 71],4,4,0.255359,0.937500
10,2,DNF,[71, 71],4,5,0.342778,0.906250
10,2,DNF,[71, 72],4,6,0.346778,0.935484
10,2,DNF,[71, 72],4,7,0.300343,0.838710
10,2,DNF,[71, 72],4,8,0.341229,0.806452
10,2,DNF,[71, 72],4,9,0.355758,0.870968
---> Chosen: (10, 2, 'DNF', [71, 71], 4, 3), (mean val acc cv) 0.895161, (test acc holdout) 0.942857, (mean training time) 0.343710
10,2,DNF,[142, 142],2,0,0.432177,0.937500
10,2,DNF,[142, 142],2,1,0.273561,0.968750
10,2,DNF,[142, 142],2,2,0.394387,0.812500
10,2,DNF,[142, 142],2,3,0.303757,0.875000
10,2,DNF,[142, 142],2,4,0.254464,0.906250
10,2,DNF,[142, 142],2,5,0.298071,0.937500
10,2,DNF,[142, 143],2,6,0.501559,0.870968
10,2,DNF,[142, 143],2,7,0.494734,0.870968
10,2,DNF,[142, 143],2,8,0.269713,0.838710
10,2,DNF,[142, 143],2,9,0.389083,0.806452
---> Chosen: (10, 2, 'DNF', [142, 142], 2, 1), (mean val acc cv) 0.882460, (test acc holdout) 0.914286, (mean training time) 0.361151
10,3,CNF,[8, 9],35,0,1.074981,0.843750
10,3,CNF,[8, 9],35,1,1.075529,0.750000
10,3,CNF,[8, 9],35,2,1.066500,0.906250
10,3,CNF,[8, 9],35,3,1.121293,0.906250
10,3,CNF,[8, 9],35,4,1.026376,0.843750
10,3,CNF,[8, 9],35,5,1.035279,0.812500
10,3,CNF,[8, 9],35,6,1.049261,0.774194
10,3,CNF,[8, 9],35,7,1.010766,0.774194
10,3,CNF,[8, 9],35,8,1.064405,0.677419
10,3,CNF,[8, 9],35,9,1.072870,0.935484
---> Chosen: (10, 3, 'CNF', [8, 9], 35, 9), (mean val acc cv) 0.822379, (test acc holdout) 0.942857, (mean training time) 1.059726
10,3,CNF,[16, 17],17,0,0.598957,0.843750
10,3,CNF,[16, 17],17,1,0.626049,0.968750
10,3,CNF,[16, 17],17,2,0.610160,0.843750
10,3,CNF,[16, 17],17,3,0.614377,0.843750
10,3,CNF,[16, 17],17,4,0.589710,0.875000
10,3,CNF,[16, 17],17,5,0.614138,0.718750
10,3,CNF,[16, 17],17,6,0.602986,0.903226
10,3,CNF,[16, 17],17,7,0.589239,0.806452
10,3,CNF,[16, 17],17,8,0.636545,0.935484
10,3,CNF,[16, 17],17,9,0.636285,0.741935
---> Chosen: (10, 3, 'CNF', [16, 17], 17, 1), (mean val acc cv) 0.848085, (test acc holdout) 0.828571, (mean training time) 0.611845
10,3,CNF,[35, 36],8,0,0.495768,0.906250
10,3,CNF,[35, 36],8,1,0.468762,0.906250
10,3,CNF,[35, 36],8,2,0.389101,0.812500
10,3,CNF,[35, 36],8,3,0.431688,0.875000
10,3,CNF,[35, 36],8,4,0.371613,0.812500
10,3,CNF,[35, 36],8,5,0.479287,0.750000
10,3,CNF,[35, 36],8,6,0.448231,0.806452
10,3,CNF,[35, 36],8,7,0.414469,0.774194
10,3,CNF,[35, 36],8,8,0.429082,0.935484
10,3,CNF,[35, 36],8,9,0.435967,0.645161
---> Chosen: (10, 3, 'CNF', [35, 36], 8, 8), (mean val acc cv) 0.822379, (test acc holdout) 0.800000, (mean training time) 0.436397
10,3,CNF,[71, 71],4,0,0.893809,0.812500
10,3,CNF,[71, 71],4,1,0.507890,0.906250
10,3,CNF,[71, 71],4,2,1.114870,0.812500
10,3,CNF,[71, 71],4,3,0.452331,0.843750
10,3,CNF,[71, 71],4,4,0.362833,0.843750
10,3,CNF,[71, 71],4,5,3.161076,0.875000
10,3,CNF,[71, 72],4,6,0.679995,0.838710
10,3,CNF,[71, 72],4,7,0.736708,0.774194
10,3,CNF,[71, 72],4,8,0.598881,0.903226
10,3,CNF,[71, 72],4,9,0.765482,0.806452
---> Chosen: (10, 3, 'CNF', [71, 71], 4, 1), (mean val acc cv) 0.841633, (test acc holdout) 0.828571, (mean training time) 0.927387
10,3,CNF,[142, 142],2,0,29.925748,0.812500
10,3,CNF,[142, 142],2,1,328.771642,1.000000
10,3,CNF,[142, 142],2,2,3.287300,0.812500
10,3,CNF,[142, 142],2,3,19.834703,0.875000
10,3,CNF,[142, 142],2,4,9.699682,0.781250
10,3,CNF,[142, 142],2,5,7.231858,0.843750
10,3,CNF,[142, 143],2,6,14.709496,0.806452
10,3,CNF,[142, 143],2,7,6.289485,0.870968
10,3,CNF,[142, 143],2,8,156.302537,0.903226
10,3,CNF,[142, 143],2,9,55.268538,0.806452
---> Chosen: (10, 3, 'CNF', [142, 142], 2, 1), (mean val acc cv) 0.851210, (test acc holdout) 0.942857, (mean training time) 63.132099
10,3,DNF,[8, 9],35,0,1.111522,0.937500
10,3,DNF,[8, 9],35,1,1.061936,0.875000
10,3,DNF,[8, 9],35,2,1.118889,0.843750
10,3,DNF,[8, 9],35,3,1.131813,0.875000
10,3,DNF,[8, 9],35,4,1.069801,0.718750
10,3,DNF,[8, 9],35,5,1.083137,0.906250
10,3,DNF,[8, 9],35,6,1.146303,0.870968
10,3,DNF,[8, 9],35,7,1.097171,0.935484
10,3,DNF,[8, 9],35,8,1.099287,0.870968
10,3,DNF,[8, 9],35,9,1.146702,0.741935
---> Chosen: (10, 3, 'DNF', [8, 9], 35, 0), (mean val acc cv) 0.857560, (test acc holdout) 0.914286, (mean training time) 1.106656
10,3,DNF,[16, 17],17,0,0.644701,0.968750
10,3,DNF,[16, 17],17,1,0.672335,0.875000
10,3,DNF,[16, 17],17,2,0.647242,0.812500
10,3,DNF,[16, 17],17,3,0.665710,0.906250
10,3,DNF,[16, 17],17,4,0.619127,0.687500
10,3,DNF,[16, 17],17,5,0.686594,0.656250
10,3,DNF,[16, 17],17,6,0.653383,0.935484
10,3,DNF,[16, 17],17,7,0.646047,0.870968
10,3,DNF,[16, 17],17,8,0.659707,0.967742
10,3,DNF,[16, 17],17,9,0.728469,0.806452
---> Chosen: (10, 3, 'DNF', [16, 17], 17, 0), (mean val acc cv) 0.848690, (test acc holdout) 0.914286, (mean training time) 0.662332
10,3,DNF,[35, 36],8,0,0.456694,0.968750
10,3,DNF,[35, 36],8,1,0.581259,0.875000
10,3,DNF,[35, 36],8,2,0.451929,0.781250
10,3,DNF,[35, 36],8,3,0.474688,0.812500
10,3,DNF,[35, 36],8,4,0.432420,0.968750
10,3,DNF,[35, 36],8,5,0.443536,0.781250
10,3,DNF,[35, 36],8,6,0.475281,0.838710
10,3,DNF,[35, 36],8,7,0.438818,0.903226
10,3,DNF,[35, 36],8,8,0.546285,0.870968
10,3,DNF,[35, 36],8,9,0.527915,0.806452
---> Chosen: (10, 3, 'DNF', [35, 36], 8, 0), (mean val acc cv) 0.860685, (test acc holdout) 0.914286, (mean training time) 0.482882
10,3,DNF,[71, 71],4,0,0.433701,0.968750
10,3,DNF,[71, 71],4,1,0.455076,0.968750
10,3,DNF,[71, 71],4,2,0.562539,0.750000
10,3,DNF,[71, 71],4,3,0.622522,0.937500
10,3,DNF,[71, 71],4,4,0.550910,0.906250
10,3,DNF,[71, 71],4,5,0.505143,0.968750
10,3,DNF,[71, 72],4,6,1.126830,0.870968
10,3,DNF,[71, 72],4,7,0.514966,0.903226
10,3,DNF,[71, 72],4,8,2.606306,0.870968
10,3,DNF,[71, 72],4,9,1.197393,0.870968
---> Chosen: (10, 3, 'DNF', [71, 71], 4, 0), (mean val acc cv) 0.901613, (test acc holdout) 0.914286, (mean training time) 0.857539
10,3,DNF,[142, 142],2,0,6.410326,1.000000
10,3,DNF,[142, 142],2,1,0.747041,0.937500
10,3,DNF,[142, 142],2,2,22.850656,0.812500
10,3,DNF,[142, 142],2,3,5.789124,0.906250
10,3,DNF,[142, 142],2,4,1.805965,0.875000
10,3,DNF,[142, 142],2,5,57.574012,0.937500
10,3,DNF,[142, 143],2,6,1.787415,0.935484
10,3,DNF,[142, 143],2,7,13.029152,0.870968
10,3,DNF,[142, 143],2,8,2.875465,0.935484
10,3,DNF,[142, 143],2,9,22.739631,0.806452
---> Chosen: (10, 3, 'DNF', [142, 142], 2, 0), (mean val acc cv) 0.901714, (test acc holdout) 0.914286, (mean training time) 13.560879
------------------
HOLDOUT 2
size training + validation: (316, 34)
size testing: (35, 34)
max_test_acc_holdout: 1.000000
chosen_params: ['5', '1', 'DNF', '[142, 142]', '2', '1']
chosen_mean_val_acc: 0.930544
chosen_training_time: 0.169820
chosen_model_rule:
[X0 AND X2 >= 0.183270 AND X3 >= -0.932245 AND X4 >= 0.023130 AND X5 >= -0.795310 AND X7 >= -0.983575 AND X9 >= -0.755855 AND X13 >= -0.554585 AND X15 < 0.953325 AND X15 >= -0.625520 AND X17 >= -0.805795 AND X28 >= -0.861845]
