lamda, n_clause, rule_type, size, id_cv, training_time, accuracy
5,1,CNF,[284],0,1.789156,0.781250
5,1,CNF,[284],1,0.778795,0.781250
5,1,CNF,[284],2,1.777833,0.718750
5,1,CNF,[284],3,2.453393,0.843750
5,1,CNF,[284],4,1.544362,0.812500
5,1,CNF,[284],5,0.892743,0.750000
5,1,CNF,[285],6,2.346243,0.741935
5,1,CNF,[285],7,1.748974,0.806452
5,1,CNF,[285],8,2.332090,0.838710
5,1,CNF,[285],9,1.406670,0.806452
---> Chosen: (5, 1, 'CNF', [284], 3), (mean val acc cv) 0.788105, (test acc holdout) 0.857143, (mean training time) 1.707026
5,1,DNF,[284],0,0.191950,1.000000
5,1,DNF,[284],1,0.136734,0.906250
5,1,DNF,[284],2,0.194160,0.937500
5,1,DNF,[284],3,0.158953,0.875000
5,1,DNF,[284],4,0.152615,0.937500
5,1,DNF,[284],5,0.151742,0.875000
5,1,DNF,[285],6,0.211253,0.903226
5,1,DNF,[285],7,0.168821,0.903226
5,1,DNF,[285],8,0.156387,0.935484
5,1,DNF,[285],9,0.147206,0.967742
---> Chosen: (5, 1, 'DNF', [284], 0), (mean val acc cv) 0.924093, (test acc holdout) 0.971429, (mean training time) 0.166982
5,2,CNF,[284],0,64.775016,0.937500
5,2,CNF,[284],1,45.729632,0.843750
5,2,CNF,[284],2,32.465239,0.812500
5,2,CNF,[284],3,46.254345,0.906250
5,2,CNF,[284],4,75.528923,0.906250
5,2,CNF,[284],5,36.890711,0.843750
5,2,CNF,[285],6,65.018229,0.870968
5,2,CNF,[285],7,54.003109,0.774194
5,2,CNF,[285],8,66.670535,0.935484
5,2,CNF,[285],9,53.146990,0.935484
---> Chosen: (5, 2, 'CNF', [284], 0), (mean val acc cv) 0.876613, (test acc holdout) 0.885714, (mean training time) 54.048273
5,2,DNF,[284],0,10.608037,0.968750
5,2,DNF,[284],1,3.119600,0.906250
5,2,DNF,[284],2,3.930790,0.906250
5,2,DNF,[284],3,6.736899,0.906250
5,2,DNF,[284],4,3.213311,0.906250
5,2,DNF,[284],5,3.259996,0.906250
5,2,DNF,[285],6,10.753654,0.870968
5,2,DNF,[285],7,8.733799,0.870968
5,2,DNF,[285],8,2.033498,0.903226
5,2,DNF,[285],9,3.251548,0.967742
---> Chosen: (5, 2, 'DNF', [284], 0), (mean val acc cv) 0.911290, (test acc holdout) 0.971429, (mean training time) 5.564113
5,3,CNF,[284],0,1000.189277,0.468750
5,3,CNF,[284],1,1000.226652,0.593750
5,3,CNF,[284],2,1000.181969,0.843750
5,3,CNF,[284],3,1000.198576,0.468750
5,3,CNF,[284],4,1000.251990,0.781250
5,3,CNF,[284],5,1000.187207,0.843750
5,3,CNF,[285],6,1000.274229,0.709677
5,3,CNF,[285],7,1000.230362,0.483871
5,3,CNF,[285],8,1000.210793,0.322581
5,3,CNF,[285],9,1000.181758,0.387097
---> Chosen: (5, 3, 'CNF', [284], 2), (mean val acc cv) 0.590323, (test acc holdout) 0.857143, (mean training time) 1000.213281
5,3,DNF,[284],0,171.028030,0.968750
5,3,DNF,[284],1,421.632623,0.906250
5,3,DNF,[284],2,385.392453,0.812500
5,3,DNF,[284],3,71.558827,0.906250
5,3,DNF,[284],4,28.164570,0.906250
5,3,DNF,[284],5,208.400702,0.875000
5,3,DNF,[285],6,49.516109,0.870968
5,3,DNF,[285],7,704.202128,0.935484
5,3,DNF,[285],8,152.043027,0.967742
5,3,DNF,[285],9,1000.284984,1.000000
---> Chosen: (5, 3, 'DNF', [285], 9), (mean val acc cv) 0.914919, (test acc holdout) 0.942857, (mean training time) 319.222345
10,1,CNF,[284],0,1.558717,0.781250
10,1,CNF,[284],1,0.785728,0.781250
10,1,CNF,[284],2,1.659612,0.718750
10,1,CNF,[284],3,2.425413,0.843750
10,1,CNF,[284],4,1.459986,0.812500
10,1,CNF,[284],5,0.832834,0.750000
10,1,CNF,[285],6,2.236933,0.741935
10,1,CNF,[285],7,1.716785,0.806452
10,1,CNF,[285],8,2.171622,0.838710
10,1,CNF,[285],9,1.332755,0.806452
---> Chosen: (10, 1, 'CNF', [284], 3), (mean val acc cv) 0.788105, (test acc holdout) 0.857143, (mean training time) 1.618038
10,1,DNF,[284],0,0.123469,1.000000
10,1,DNF,[284],1,0.142542,0.906250
10,1,DNF,[284],2,0.137902,0.937500
10,1,DNF,[284],3,0.150565,0.875000
10,1,DNF,[284],4,0.142751,0.937500
10,1,DNF,[284],5,0.142027,0.875000
10,1,DNF,[285],6,0.156131,0.903226
10,1,DNF,[285],7,0.142875,0.903226
10,1,DNF,[285],8,0.154119,0.935484
10,1,DNF,[285],9,0.138389,0.967742
---> Chosen: (10, 1, 'DNF', [284], 0), (mean val acc cv) 0.924093, (test acc holdout) 0.971429, (mean training time) 0.143077
10,2,CNF,[284],0,61.800457,0.937500
10,2,CNF,[284],1,43.876378,0.843750
10,2,CNF,[284],2,32.664559,0.812500
10,2,CNF,[284],3,44.884823,0.906250
10,2,CNF,[284],4,72.020864,0.906250
10,2,CNF,[284],5,37.604315,0.843750
10,2,CNF,[285],6,63.592647,0.870968
10,2,CNF,[285],7,54.473534,0.774194
10,2,CNF,[285],8,64.616550,0.935484
10,2,CNF,[285],9,53.699684,0.935484
---> Chosen: (10, 2, 'CNF', [284], 0), (mean val acc cv) 0.876613, (test acc holdout) 0.885714, (mean training time) 52.923381
10,2,DNF,[284],0,3.065407,1.000000
10,2,DNF,[284],1,1.619008,0.906250
10,2,DNF,[284],2,1.292504,0.937500
10,2,DNF,[284],3,1.257240,0.906250
10,2,DNF,[284],4,0.552466,0.937500
10,2,DNF,[284],5,0.675114,0.906250
10,2,DNF,[285],6,2.741801,0.806452
10,2,DNF,[285],7,1.281917,0.870968
10,2,DNF,[285],8,0.563192,0.903226
10,2,DNF,[285],9,1.000356,0.967742
---> Chosen: (10, 2, 'DNF', [284], 0), (mean val acc cv) 0.914214, (test acc holdout) 0.971429, (mean training time) 1.404900
10,3,CNF,[284],0,1000.251836,0.468750
10,3,CNF,[284],1,1000.281243,0.593750
10,3,CNF,[284],2,1000.340175,0.656250
10,3,CNF,[284],3,1000.357794,0.468750
10,3,CNF,[284],4,1000.213677,0.781250
10,3,CNF,[284],5,1000.271143,0.843750
10,3,CNF,[285],6,1000.319990,0.709677
10,3,CNF,[285],7,1000.262291,0.483871
10,3,CNF,[285],8,1000.198815,0.322581
10,3,CNF,[285],9,1000.182285,0.387097
---> Chosen: (10, 3, 'CNF', [284], 5), (mean val acc cv) 0.571573, (test acc holdout) 0.942857, (mean training time) 1000.267925
10,3,DNF,[284],0,12.204636,0.968750
10,3,DNF,[284],1,58.928907,0.906250
10,3,DNF,[284],2,32.842500,0.906250
10,3,DNF,[284],3,2.712454,0.812500
10,3,DNF,[284],4,3.461013,0.937500
10,3,DNF,[284],5,21.951019,0.875000
10,3,DNF,[285],6,4.964448,0.870968
10,3,DNF,[285],7,61.638412,0.967742
10,3,DNF,[285],8,11.392042,0.967742
10,3,DNF,[285],9,139.560316,0.935484
---> Chosen: (10, 3, 'DNF', [284], 0), (mean val acc cv) 0.914819, (test acc holdout) 0.914286, (mean training time) 34.965575
------------------
HOLDOUT 2
size training + validation: (316, 34)
size testing: (35, 34)
max_test_acc_holdout: 0.971429
chosen_params: ['5', '1', 'DNF', '[284]', '0']
chosen_mean_val_acc: 0.924093
chosen_training_time: 0.166982
chosen_model_rule:
[X2 >= 0.183270 AND X3 >= -0.962265 AND X4 >= 0.041440 AND X5 >= -0.795310 AND X7 >= -0.983575 AND X9 >= -0.572990 AND X13 >= -0.549035 AND X15 >= -0.905170 AND X17 >= -0.805795]
