lamda, n_clause, rule_type, size, id_cv, training_time, accuracy
5,1,CNF,[284],0,1.213640,0.812500
5,1,CNF,[284],1,0.933761,0.781250
5,1,CNF,[284],2,1.405272,0.875000
5,1,CNF,[284],3,1.527116,0.843750
5,1,CNF,[284],4,1.991422,0.843750
5,1,CNF,[284],5,1.251054,0.812500
5,1,CNF,[285],6,1.781040,0.903226
5,1,CNF,[285],7,1.204429,0.774194
5,1,CNF,[285],8,1.094637,0.677419
5,1,CNF,[285],9,1.450087,0.903226
---> Chosen: (5, 1, 'CNF', [285], 6), (mean val acc cv) 0.822681, (test acc holdout) 0.800000, (mean training time) 1.385246
5,1,DNF,[284],0,0.152882,1.000000
5,1,DNF,[284],1,0.150702,0.875000
5,1,DNF,[284],2,0.154396,0.937500
5,1,DNF,[284],3,0.154569,0.968750
5,1,DNF,[284],4,0.154955,0.906250
5,1,DNF,[284],5,0.163630,0.968750
5,1,DNF,[285],6,0.144655,0.967742
5,1,DNF,[285],7,0.151139,0.935484
5,1,DNF,[285],8,0.150210,0.903226
5,1,DNF,[285],9,0.143878,0.935484
---> Chosen: (5, 1, 'DNF', [284], 0), (mean val acc cv) 0.939819, (test acc holdout) 0.914286, (mean training time) 0.152102
5,2,CNF,[284],0,50.070007,0.906250
5,2,CNF,[284],1,48.517896,0.843750
5,2,CNF,[284],2,75.203751,0.750000
5,2,CNF,[284],3,85.893149,0.843750
5,2,CNF,[284],4,98.260629,0.968750
5,2,CNF,[284],5,52.698648,0.875000
5,2,CNF,[285],6,82.768738,0.967742
5,2,CNF,[285],7,44.370511,0.806452
5,2,CNF,[285],8,61.600622,0.774194
5,2,CNF,[285],9,71.269167,0.935484
---> Chosen: (5, 2, 'CNF', [284], 4), (mean val acc cv) 0.867137, (test acc holdout) 0.800000, (mean training time) 67.065312
5,2,DNF,[284],0,4.218212,0.968750
5,2,DNF,[284],1,1.520788,0.875000
5,2,DNF,[284],2,1.718448,0.968750
5,2,DNF,[284],3,5.233433,0.968750
5,2,DNF,[284],4,2.087514,0.906250
5,2,DNF,[284],5,2.258994,0.937500
5,2,DNF,[285],6,3.011145,0.935484
5,2,DNF,[285],7,5.234354,0.903226
5,2,DNF,[285],8,2.975639,0.903226
5,2,DNF,[285],9,2.018453,0.870968
---> Chosen: (5, 2, 'DNF', [284], 0), (mean val acc cv) 0.923790, (test acc holdout) 0.857143, (mean training time) 3.027698
5,3,CNF,[284],0,1000.262210,0.750000
5,3,CNF,[284],1,1000.217651,0.468750
5,3,CNF,[284],2,1000.230903,0.718750
5,3,CNF,[284],3,1000.175146,0.437500
5,3,CNF,[284],4,1000.245012,0.406250
5,3,CNF,[284],5,1000.227107,0.468750
5,3,CNF,[285],6,1000.243167,0.419355
5,3,CNF,[285],7,1000.254811,0.354839
5,3,CNF,[285],8,970.964984,0.838710
5,3,CNF,[285],9,1000.245391,0.483871
---> Chosen: (5, 3, 'CNF', [285], 8), (mean val acc cv) 0.534677, (test acc holdout) 0.771429, (mean training time) 997.306638
5,3,DNF,[284],0,154.056816,0.968750
5,3,DNF,[284],1,256.015675,0.906250
5,3,DNF,[284],2,200.988523,0.875000
5,3,DNF,[284],3,120.987272,0.968750
5,3,DNF,[284],4,212.285829,0.968750
5,3,DNF,[284],5,397.568540,0.906250
5,3,DNF,[285],6,693.428498,0.935484
5,3,DNF,[285],7,754.410625,0.903226
5,3,DNF,[285],8,20.373596,0.870968
5,3,DNF,[285],9,162.347667,0.870968
---> Chosen: (5, 3, 'DNF', [284], 0), (mean val acc cv) 0.917440, (test acc holdout) 0.885714, (mean training time) 297.246304
10,1,CNF,[284],0,1.369321,0.812500
10,1,CNF,[284],1,1.432228,0.781250
10,1,CNF,[284],2,2.411701,0.875000
10,1,CNF,[284],3,2.378539,0.843750
10,1,CNF,[284],4,1.884210,0.843750
10,1,CNF,[284],5,1.168399,0.812500
10,1,CNF,[285],6,1.783560,0.903226
10,1,CNF,[285],7,1.223252,0.774194
10,1,CNF,[285],8,1.142278,0.677419
10,1,CNF,[285],9,1.480402,0.903226
---> Chosen: (10, 1, 'CNF', [285], 6), (mean val acc cv) 0.822681, (test acc holdout) 0.800000, (mean training time) 1.627389
10,1,DNF,[284],0,0.150903,1.000000
10,1,DNF,[284],1,0.155514,0.875000
10,1,DNF,[284],2,0.231042,0.937500
10,1,DNF,[284],3,0.140930,0.968750
10,1,DNF,[284],4,0.147928,0.906250
10,1,DNF,[284],5,0.154583,0.968750
10,1,DNF,[285],6,0.154237,0.967742
10,1,DNF,[285],7,0.160043,0.935484
10,1,DNF,[285],8,0.159544,0.903226
10,1,DNF,[285],9,0.192481,0.935484
---> Chosen: (10, 1, 'DNF', [284], 0), (mean val acc cv) 0.939819, (test acc holdout) 0.914286, (mean training time) 0.164720
10,2,CNF,[284],0,48.598286,0.906250
10,2,CNF,[284],1,47.621998,0.843750
10,2,CNF,[284],2,75.491871,0.750000
10,2,CNF,[284],3,87.961668,0.843750
10,2,CNF,[284],4,92.101567,0.968750
10,2,CNF,[284],5,51.466337,0.875000
10,2,CNF,[285],6,83.093761,0.967742
10,2,CNF,[285],7,43.479507,0.806452
10,2,CNF,[285],8,60.985874,0.774194
10,2,CNF,[285],9,69.178081,0.935484
---> Chosen: (10, 2, 'CNF', [284], 4), (mean val acc cv) 0.867137, (test acc holdout) 0.800000, (mean training time) 65.997895
10,2,DNF,[284],0,1.025433,0.937500
10,2,DNF,[284],1,0.455128,0.875000
10,2,DNF,[284],2,0.546122,0.968750
10,2,DNF,[284],3,0.753349,0.968750
10,2,DNF,[284],4,0.931136,0.906250
10,2,DNF,[284],5,0.621195,0.937500
10,2,DNF,[285],6,0.419593,0.935484
10,2,DNF,[285],7,0.931391,0.935484
10,2,DNF,[285],8,0.586340,0.870968
10,2,DNF,[285],9,0.661811,0.903226
---> Chosen: (10, 2, 'DNF', [284], 2), (mean val acc cv) 0.923891, (test acc holdout) 0.828571, (mean training time) 0.693150
10,3,CNF,[284],0,1000.190486,0.750000
10,3,CNF,[284],1,1000.298520,0.468750
10,3,CNF,[284],2,1000.239532,0.718750
10,3,CNF,[284],3,1000.208537,0.437500
10,3,CNF,[284],4,1000.313140,0.406250
10,3,CNF,[284],5,1000.246305,0.468750
10,3,CNF,[285],6,1000.203628,0.419355
10,3,CNF,[285],7,1000.239944,0.354839
10,3,CNF,[285],8,1000.261549,0.838710
10,3,CNF,[285],9,1000.215890,0.483871
---> Chosen: (10, 3, 'CNF', [285], 8), (mean val acc cv) 0.534677, (test acc holdout) 0.771429, (mean training time) 1000.241753
10,3,DNF,[284],0,22.035410,0.968750
10,3,DNF,[284],1,35.543055,0.906250
10,3,DNF,[284],2,12.229455,0.937500
10,3,DNF,[284],3,7.803995,0.968750
10,3,DNF,[284],4,6.707819,0.937500
10,3,DNF,[284],5,28.103043,0.906250
10,3,DNF,[285],6,13.632342,0.935484
10,3,DNF,[285],7,160.230273,0.870968
10,3,DNF,[285],8,4.158174,0.903226
10,3,DNF,[285],9,59.639915,0.935484
---> Chosen: (10, 3, 'DNF', [284], 0), (mean val acc cv) 0.927016, (test acc holdout) 0.914286, (mean training time) 35.008348
------------------
HOLDOUT 7
size training + validation: (316, 34)
size testing: (35, 34)
max_test_acc_holdout: 0.914286
chosen_params: ['5', '1', 'DNF', '[284]', '0']
chosen_mean_val_acc: 0.939819
chosen_training_time: 0.152102
chosen_model_rule:
[X2 >= 0.190280 AND X4 >= 0.023130 AND X5 >= -0.892545 AND X7 >= -0.987250 AND X9 >= -0.755855 AND X13 >= -0.554585 AND X15 < 0.957020 AND X17 >= -0.813050 AND X28 >= -0.911830]
