lamda, n_clause, rule_type, size, id_cv, training_time, accuracy
5,1,CNF,[284],0,2.048946,0.812500
5,1,CNF,[284],1,1.165392,0.843750
5,1,CNF,[284],2,1.327162,0.843750
5,1,CNF,[284],3,1.208929,0.812500
5,1,CNF,[284],4,2.182005,0.843750
5,1,CNF,[284],5,1.307995,0.843750
5,1,CNF,[285],6,1.322508,0.838710
5,1,CNF,[285],7,1.045345,0.806452
5,1,CNF,[285],8,0.721962,0.709677
5,1,CNF,[285],9,1.675207,0.774194
---> Chosen: (5, 1, 'CNF', [284], 1), (mean val acc cv) 0.812903, (test acc holdout) 0.828571, (mean training time) 1.400545
5,1,DNF,[284],0,0.148942,0.968750
5,1,DNF,[284],1,0.153655,0.875000
5,1,DNF,[284],2,0.160943,0.906250
5,1,DNF,[284],3,0.154235,0.875000
5,1,DNF,[284],4,0.149509,0.906250
5,1,DNF,[284],5,0.150154,0.875000
5,1,DNF,[285],6,0.152310,0.838710
5,1,DNF,[285],7,0.220849,0.903226
5,1,DNF,[285],8,0.210893,0.935484
5,1,DNF,[285],9,0.158644,1.000000
---> Chosen: (5, 1, 'DNF', [285], 9), (mean val acc cv) 0.908367, (test acc holdout) 0.942857, (mean training time) 0.166014
5,2,CNF,[284],0,76.780204,1.000000
5,2,CNF,[284],1,83.754209,0.906250
5,2,CNF,[284],2,52.282405,0.906250
5,2,CNF,[284],3,71.810857,0.968750
5,2,CNF,[284],4,22.046138,0.812500
5,2,CNF,[284],5,41.543515,0.812500
5,2,CNF,[285],6,52.038322,0.935484
5,2,CNF,[285],7,45.395903,0.903226
5,2,CNF,[285],8,32.116885,0.870968
5,2,CNF,[285],9,50.820965,0.935484
---> Chosen: (5, 2, 'CNF', [284], 0), (mean val acc cv) 0.905141, (test acc holdout) 0.800000, (mean training time) 52.858940
5,2,DNF,[284],0,2.944292,0.968750
5,2,DNF,[284],1,4.829822,0.875000
5,2,DNF,[284],2,1.880325,0.937500
5,2,DNF,[284],3,2.705506,0.937500
5,2,DNF,[284],4,7.249437,0.937500
5,2,DNF,[284],5,0.764863,0.875000
5,2,DNF,[285],6,1.263742,0.838710
5,2,DNF,[285],7,5.787456,0.967742
5,2,DNF,[285],8,1.090626,0.903226
5,2,DNF,[285],9,12.002203,1.000000
---> Chosen: (5, 2, 'DNF', [285], 9), (mean val acc cv) 0.924093, (test acc holdout) 0.885714, (mean training time) 4.051827
5,3,CNF,[284],0,1000.193296,0.593750
5,3,CNF,[284],1,1000.198373,0.937500
5,3,CNF,[284],2,1000.248890,0.906250
5,3,CNF,[284],3,1000.185683,0.593750
5,3,CNF,[284],4,1000.193937,0.593750
5,3,CNF,[284],5,1000.239201,0.625000
5,3,CNF,[285],6,1000.251697,0.387097
5,3,CNF,[285],7,1000.211894,0.612903
5,3,CNF,[285],8,1000.222162,0.483871
5,3,CNF,[285],9,1000.246727,0.483871
---> Chosen: (5, 3, 'CNF', [284], 1), (mean val acc cv) 0.621774, (test acc holdout) 0.800000, (mean training time) 1000.219186
5,3,DNF,[284],0,549.248941,0.968750
5,3,DNF,[284],1,455.860005,0.812500
5,3,DNF,[284],2,434.870882,0.937500
5,3,DNF,[284],3,758.988035,0.937500
5,3,DNF,[284],4,17.760436,0.843750
5,3,DNF,[284],5,209.417786,0.781250
5,3,DNF,[285],6,30.322308,0.903226
5,3,DNF,[285],7,749.643361,0.967742
5,3,DNF,[285],8,146.265529,0.903226
5,3,DNF,[285],9,1000.244899,1.000000
---> Chosen: (5, 3, 'DNF', [285], 9), (mean val acc cv) 0.905544, (test acc holdout) 0.914286, (mean training time) 435.262218
10,1,CNF,[284],0,1.841748,0.812500
10,1,CNF,[284],1,1.066710,0.843750
10,1,CNF,[284],2,1.273159,0.843750
10,1,CNF,[284],3,1.090681,0.812500
10,1,CNF,[284],4,2.029315,0.843750
10,1,CNF,[284],5,1.300206,0.843750
10,1,CNF,[285],6,1.198219,0.838710
10,1,CNF,[285],7,0.907865,0.806452
10,1,CNF,[285],8,0.729871,0.709677
10,1,CNF,[285],9,1.576323,0.774194
---> Chosen: (10, 1, 'CNF', [284], 1), (mean val acc cv) 0.812903, (test acc holdout) 0.828571, (mean training time) 1.301410
10,1,DNF,[284],0,0.152229,0.968750
10,1,DNF,[284],1,0.148347,0.875000
10,1,DNF,[284],2,0.154064,0.906250
10,1,DNF,[284],3,0.156893,0.875000
10,1,DNF,[284],4,0.155203,0.906250
10,1,DNF,[284],5,0.156060,0.875000
10,1,DNF,[285],6,0.148326,0.838710
10,1,DNF,[285],7,0.142096,0.903226
10,1,DNF,[285],8,0.143969,0.935484
10,1,DNF,[285],9,0.141531,1.000000
---> Chosen: (10, 1, 'DNF', [285], 9), (mean val acc cv) 0.908367, (test acc holdout) 0.942857, (mean training time) 0.149872
10,2,CNF,[284],0,71.686154,1.000000
10,2,CNF,[284],1,81.594626,0.906250
10,2,CNF,[284],2,50.805288,0.906250
10,2,CNF,[284],3,64.806800,0.968750
10,2,CNF,[284],4,20.600055,0.812500
10,2,CNF,[284],5,39.550276,0.812500
10,2,CNF,[285],6,48.906340,0.935484
10,2,CNF,[285],7,44.963441,0.903226
10,2,CNF,[285],8,30.034606,0.870968
10,2,CNF,[285],9,49.514424,0.935484
---> Chosen: (10, 2, 'CNF', [284], 0), (mean val acc cv) 0.905141, (test acc holdout) 0.800000, (mean training time) 50.246201
10,2,DNF,[284],0,0.571112,0.968750
10,2,DNF,[284],1,1.364546,0.875000
10,2,DNF,[284],2,0.629529,0.937500
10,2,DNF,[284],3,0.434483,0.937500
10,2,DNF,[284],4,1.708399,0.937500
10,2,DNF,[284],5,0.248519,0.875000
10,2,DNF,[285],6,0.392242,0.870968
10,2,DNF,[285],7,0.619780,0.967742
10,2,DNF,[285],8,0.283509,0.903226
10,2,DNF,[285],9,1.686749,1.000000
---> Chosen: (10, 2, 'DNF', [285], 9), (mean val acc cv) 0.927319, (test acc holdout) 0.914286, (mean training time) 0.793887
10,3,CNF,[284],0,1000.601344,0.593750
10,3,CNF,[284],1,1000.293414,0.937500
10,3,CNF,[284],2,1000.290799,0.906250
10,3,CNF,[284],3,1000.273952,0.593750
10,3,CNF,[284],4,1000.228538,0.593750
10,3,CNF,[284],5,1000.271272,0.625000
10,3,CNF,[285],6,1000.252717,0.387097
10,3,CNF,[285],7,1000.194480,0.612903
10,3,CNF,[285],8,1000.229528,0.483871
10,3,CNF,[285],9,1000.282542,0.483871
---> Chosen: (10, 3, 'CNF', [284], 1), (mean val acc cv) 0.621774, (test acc holdout) 0.800000, (mean training time) 1000.291859
10,3,DNF,[284],0,44.046901,0.968750
10,3,DNF,[284],1,24.902653,0.843750
10,3,DNF,[284],2,25.078831,0.875000
10,3,DNF,[284],3,84.265960,0.906250
10,3,DNF,[284],4,1.010270,0.843750
10,3,DNF,[284],5,9.880750,0.812500
10,3,DNF,[285],6,2.961357,0.838710
10,3,DNF,[285],7,68.602343,0.935484
10,3,DNF,[285],8,11.016803,0.903226
10,3,DNF,[285],9,124.383019,0.935484
---> Chosen: (10, 3, 'DNF', [284], 0), (mean val acc cv) 0.886290, (test acc holdout) 0.942857, (mean training time) 39.614889
------------------
HOLDOUT 4
size training + validation: (316, 34)
size testing: (35, 34)
max_test_acc_holdout: 0.942857
chosen_params: ['5', '1', 'DNF', '[285]', '9']
chosen_mean_val_acc: 0.908367
chosen_training_time: 0.166014
chosen_model_rule:
[X2 >= 0.190280 AND X4 >= 0.041440 AND X5 >= -0.795310 AND X7 >= -0.983575 AND X9 >= -0.572990 AND X13 >= -0.554585 AND X15 < 0.968410 AND X15 >= -0.905170 AND X17 >= -0.813050 AND X28 >= -0.911830]
