lamda, n_clause, rule_type, size, id_cv, training_time, accuracy
5,1,CNF,[284],0,1.308752,0.781250
5,1,CNF,[284],1,2.239513,0.875000
5,1,CNF,[284],2,2.471053,0.812500
5,1,CNF,[284],3,1.188141,0.687500
5,1,CNF,[284],4,0.902415,0.781250
5,1,CNF,[284],5,1.386030,0.781250
5,1,CNF,[285],6,1.145575,0.838710
5,1,CNF,[285],7,1.288984,0.838710
5,1,CNF,[285],8,1.169929,0.774194
5,1,CNF,[285],9,2.550952,0.806452
---> Chosen: (5, 1, 'CNF', [284], 1), (mean val acc cv) 0.797681, (test acc holdout) 0.742857, (mean training time) 1.565134
5,1,DNF,[284],0,0.148331,0.937500
5,1,DNF,[284],1,0.154005,0.906250
5,1,DNF,[284],2,0.150066,0.906250
5,1,DNF,[284],3,0.146107,0.906250
5,1,DNF,[284],4,0.134880,0.906250
5,1,DNF,[284],5,0.141502,0.875000
5,1,DNF,[285],6,0.135926,0.870968
5,1,DNF,[285],7,0.137213,0.870968
5,1,DNF,[285],8,0.151698,0.935484
5,1,DNF,[285],9,0.170132,0.903226
---> Chosen: (5, 1, 'DNF', [284], 0), (mean val acc cv) 0.901815, (test acc holdout) 0.857143, (mean training time) 0.146986
5,2,CNF,[284],0,58.649420,0.875000
5,2,CNF,[284],1,73.778303,0.937500
5,2,CNF,[284],2,81.226701,0.937500
5,2,CNF,[284],3,55.699059,0.781250
5,2,CNF,[284],4,29.246603,0.937500
5,2,CNF,[284],5,45.132591,0.812500
5,2,CNF,[285],6,34.774281,0.870968
5,2,CNF,[285],7,46.104789,0.903226
5,2,CNF,[285],8,49.185567,0.870968
5,2,CNF,[285],9,109.257993,0.903226
---> Chosen: (5, 2, 'CNF', [284], 1), (mean val acc cv) 0.882964, (test acc holdout) 0.857143, (mean training time) 58.305531
5,2,DNF,[284],0,3.287766,0.906250
5,2,DNF,[284],1,6.402994,0.906250
5,2,DNF,[284],2,1.020825,0.937500
5,2,DNF,[284],3,4.854994,0.937500
5,2,DNF,[284],4,1.835029,0.937500
5,2,DNF,[284],5,3.573935,0.968750
5,2,DNF,[285],6,1.800238,0.870968
5,2,DNF,[285],7,3.748228,0.935484
5,2,DNF,[285],8,1.370896,0.903226
5,2,DNF,[285],9,2.608691,0.903226
---> Chosen: (5, 2, 'DNF', [284], 5), (mean val acc cv) 0.920665, (test acc holdout) 0.942857, (mean training time) 3.050360
5,3,CNF,[284],0,1000.285028,0.312500
5,3,CNF,[284],1,1000.227575,0.718750
5,3,CNF,[284],2,1000.184489,0.593750
5,3,CNF,[284],3,1000.174760,0.468750
5,3,CNF,[284],4,1000.333906,0.343750
5,3,CNF,[284],5,972.869020,0.812500
5,3,CNF,[285],6,1000.239959,0.354839
5,3,CNF,[285],7,1000.213872,0.677419
5,3,CNF,[285],8,1000.213435,0.903226
5,3,CNF,[285],9,1000.259260,0.580645
---> Chosen: (5, 3, 'CNF', [285], 8), (mean val acc cv) 0.576613, (test acc holdout) 0.742857, (mean training time) 997.500130
5,3,DNF,[284],0,682.862027,0.875000
5,3,DNF,[284],1,82.030492,0.875000
5,3,DNF,[284],2,1000.255446,0.937500
5,3,DNF,[284],3,1000.245579,0.906250
5,3,DNF,[284],4,103.254090,0.906250
5,3,DNF,[284],5,1000.298306,0.875000
5,3,DNF,[285],6,11.691391,0.806452
5,3,DNF,[285],7,129.267895,0.903226
5,3,DNF,[285],8,104.768029,0.967742
5,3,DNF,[285],9,101.182817,0.838710
---> Chosen: (5, 3, 'DNF', [285], 8), (mean val acc cv) 0.889113, (test acc holdout) 0.942857, (mean training time) 421.585607
10,1,CNF,[284],0,1.166711,0.781250
10,1,CNF,[284],1,2.219474,0.875000
10,1,CNF,[284],2,2.291209,0.812500
10,1,CNF,[284],3,1.195915,0.687500
10,1,CNF,[284],4,0.806559,0.781250
10,1,CNF,[284],5,1.323732,0.781250
10,1,CNF,[285],6,1.080268,0.838710
10,1,CNF,[285],7,1.290824,0.838710
10,1,CNF,[285],8,1.108256,0.774194
10,1,CNF,[285],9,2.546229,0.806452
---> Chosen: (10, 1, 'CNF', [284], 1), (mean val acc cv) 0.797681, (test acc holdout) 0.742857, (mean training time) 1.502918
10,1,DNF,[284],0,0.148812,0.937500
10,1,DNF,[284],1,0.147505,0.906250
10,1,DNF,[284],2,0.152730,0.906250
10,1,DNF,[284],3,0.141605,0.906250
10,1,DNF,[284],4,0.135640,0.906250
10,1,DNF,[284],5,0.144058,0.875000
10,1,DNF,[285],6,0.137546,0.870968
10,1,DNF,[285],7,0.140155,0.870968
10,1,DNF,[285],8,0.136873,0.935484
10,1,DNF,[285],9,0.163143,0.903226
---> Chosen: (10, 1, 'DNF', [284], 0), (mean val acc cv) 0.901815, (test acc holdout) 0.857143, (mean training time) 0.144807
10,2,CNF,[284],0,54.669594,0.875000
10,2,CNF,[284],1,71.343185,0.937500
10,2,CNF,[284],2,80.807418,0.937500
10,2,CNF,[284],3,54.320060,0.781250
10,2,CNF,[284],4,28.019305,0.937500
10,2,CNF,[284],5,41.390631,0.812500
10,2,CNF,[285],6,33.380713,0.870968
10,2,CNF,[285],7,42.503556,0.903226
10,2,CNF,[285],8,45.655721,0.870968
10,2,CNF,[285],9,103.613121,0.903226
---> Chosen: (10, 2, 'CNF', [284], 1), (mean val acc cv) 0.882964, (test acc holdout) 0.857143, (mean training time) 55.570330
10,2,DNF,[284],0,0.823702,0.906250
10,2,DNF,[284],1,1.528040,0.937500
10,2,DNF,[284],2,0.389071,0.937500
10,2,DNF,[284],3,0.991724,0.937500
10,2,DNF,[284],4,0.583708,0.937500
10,2,DNF,[284],5,0.920066,0.937500
10,2,DNF,[285],6,0.802603,0.870968
10,2,DNF,[285],7,0.867737,0.935484
10,2,DNF,[285],8,0.365419,0.903226
10,2,DNF,[285],9,0.817098,0.903226
---> Chosen: (10, 2, 'DNF', [284], 1), (mean val acc cv) 0.920665, (test acc holdout) 0.857143, (mean training time) 0.808917
10,3,CNF,[284],0,1000.403707,0.312500
10,3,CNF,[284],1,1000.205393,0.718750
10,3,CNF,[284],2,1000.275695,0.593750
10,3,CNF,[284],3,1000.275269,0.468750
10,3,CNF,[284],4,1000.276024,0.343750
10,3,CNF,[284],5,1000.235394,0.812500
10,3,CNF,[285],6,1000.203290,0.354839
10,3,CNF,[285],7,1000.199660,0.677419
10,3,CNF,[285],8,1000.225301,0.903226
10,3,CNF,[285],9,1000.365068,0.580645
---> Chosen: (10, 3, 'CNF', [285], 8), (mean val acc cv) 0.576613, (test acc holdout) 0.742857, (mean training time) 1000.266480
10,3,DNF,[284],0,21.138150,0.906250
10,3,DNF,[284],1,11.044330,0.968750
10,3,DNF,[284],2,82.993341,0.937500
10,3,DNF,[284],3,9.060350,0.937500
10,3,DNF,[284],4,10.579623,0.937500
10,3,DNF,[284],5,41.484506,0.906250
10,3,DNF,[285],6,1.592247,0.806452
10,3,DNF,[285],7,14.992051,0.903226
10,3,DNF,[285],8,2.217766,0.967742
10,3,DNF,[285],9,10.134953,0.838710
---> Chosen: (10, 3, 'DNF', [284], 1), (mean val acc cv) 0.910988, (test acc holdout) 0.857143, (mean training time) 20.523732
------------------
HOLDOUT 9
size training + validation: (316, 34)
size testing: (35, 34)
max_test_acc_holdout: 0.942857
chosen_params: ['5', '2', 'DNF', '[284]', '5']
chosen_mean_val_acc: 0.920665
chosen_training_time: 3.050360
chosen_model_rule:
[X2 >= 0.193085 AND X4 >= 0.145975 AND X20 < -0.000015 AND X21 < 0.910565] OR [X2 >= 0.193085 AND X3 < 0.746850 AND X7 >= -0.983575 AND X9 >= -0.755855 AND X13 >= -0.555430 AND X15 < 0.968410 AND X19 >= -0.912755 AND X20 >= 0.051770]
